0 205381 1083 75000 25
0 205381 1083 75000 26
0 205381 1083 75000 25
0 205381 1083 75000 24
0 205381 1083 75000 25
0 205381 1083 75000 25
0 205381 1083 75000 25
0 205381 1083 75000 26
0 205381 1083 75000 26
0 205381 1083 75000 25
0 205381 1083 75000 25
0 205381 1083 75000 25
0 205381 1083 75000 24
0 205381 1083 75000 25
0 205381 1083 75000 25
0 205381 1083 75000 25
0 205381 1083 75000 24
0 205381 1083 75000 26
0 205381 1083 75000 24
0 205381 1083 75000 26
0 205381 1083 75000 26
0 205381 1083 75000 25
1 15178 1083 75000 25
1 15178 1083 75000 26
1 15178 1083 75000 25
1 15178 1083 75000 24
1 15178 1083 75000 25
1 15178 1083 75000 25
1 15178 1083 75000 25
1 15178 1083 75000 26
1 15178 1083 75000 26
1 15178 1083 75000 25
1 15178 1083 75000 25
1 15178 1083 75000 25
1 15178 1083 75000 24
1 15178 1083 75000 25
1 15178 1083 75000 25
1 15178 1083 75000 25
1 15178 1083 75000 24
1 15178 1083 75000 26
1 15178 1083 75000 24
1 15178 1083 75000 26
1 15178 1083 75000 26
1 15178 1083 75000 25
2 157136 1083 75000 25
2 157136 1083 75000 26
2 157136 1083 75000 25
2 157136 1083 75000 24
2 157136 1083 75000 25
2 157136 1083 75000 25
2 157136 1083 75000 25
2 157136 1083 75000 26
2 157136 1083 75000 26
2 157136 1083 75000 25
2 157136 1083 75000 25
2 157136 1083 75000 25
2 157136 1083 75000 24
2 157136 1083 75000 25
2 157136 1083 75000 25
2 157136 1083 75000 25
2 157136 1083 75000 24
2 157136 1083 75000 26
2 157136 1083 75000 24
2 157136 1083 75000 26
2 157136 1083 75000 26
2 157136 1083 75000 25
3 8136 1083 75000 25
3 8136 1083 75000 26
3 8136 1083 75000 25
3 8136 1083 75000 24
3 8136 1083 75000 25
3 8136 1083 75000 25
3 8136 1083 75000 25
3 8136 1083 75000 26
3 8136 1083 75000 26
3 8136 1083 75000 25
3 8136 1083 75000 25
3 8136 1083 75000 25
3 8136 1083 75000 24
3 8136 1083 75000 25
3 8136 1083 75000 25
3 8136 1083 75000 25
3 8136 1083 75000 24
3 8136 1083 75000 26
3 8136 1083 75000 24
3 8136 1083 75000 26
3 8136 1083 75000 26
3 8136 1083 75000 25
4 10145 1083 75000 25
4 10145 1083 75000 26
4 10145 1083 75000 25
4 10145 1083 75000 24
4 10145 1083 75000 25
4 10145 1083 75000 25
4 10145 1083 75000 25
4 10145 1083 75000 26
4 10145 1083 75000 26
4 10145 1083 75000 25
4 10145 1083 75000 25
4 10145 1083 75000 25
4 10145 1083 75000 24
4 10145 1083 75000 25
4 10145 1083 75000 25
4 10145 1083 75000 25
4 10145 1083 75000 24
4 10145 1083 75000 26
4 10145 1083 75000 24
4 10145 1083 75000 26
4 10145 1083 75000 26
4 10145 1083 75000 25
5 79663 1083 75000 25
5 79663 1083 75000 26
5 79663 1083 75000 25
5 79663 1083 75000 24
5 79663 1083 75000 25
5 79663 1083 75000 25
5 79663 1083 75000 25
5 79663 1083 75000 26
5 79663 1083 75000 26
5 79663 1083 75000 25
5 79663 1083 75000 25
5 79663 1083 75000 25
5 79663 1083 75000 24
5 79663 1083 75000 25
5 79663 1083 75000 25
5 79663 1083 75000 25
5 79663 1083 75000 24
5 79663 1083 75000 26
5 79663 1083 75000 24
5 79663 1083 75000 26
5 79663 1083 75000 26
5 79663 1083 75000 25
6 21211 1083 75000 25
6 21211 1083 75000 26
6 21211 1083 75000 25
6 21211 1083 75000 24
6 21211 1083 75000 25
6 21211 1083 75000 25
6 21211 1083 75000 25
6 21211 1083 75000 26
6 21211 1083 75000 26
6 21211 1083 75000 25
6 21211 1083 75000 25
6 21211 1083 75000 25
6 21211 1083 75000 24
6 21211 1083 75000 25
6 21211 1083 75000 25
6 21211 1083 75000 25
6 21211 1083 75000 24
6 21211 1083 75000 26
6 21211 1083 75000 24
6 21211 1083 75000 26
6 21211 1083 75000 26
6 21211 1083 75000 25
0 218925 1083 72133 25
0 218925 1083 72133 26
0 218925 1083 72133 25
0 218925 1083 72133 23
0 218925 1083 72133 25
0 218925 1083 72133 25
0 218925 1083 72133 25
0 218925 1083 72133 26
0 218925 1083 72133 27
0 218925 1083 72133 25
0 218925 1083 72133 25
0 218925 1083 72133 25
0 218925 1083 72133 23
0 218925 1083 72133 26
0 218925 1083 72133 25
0 218925 1083 72133 25
0 218925 1083 72133 25
0 218925 1083 72133 26
0 218925 1083 72133 24
0 218925 1083 72133 26
0 218925 1083 72133 26
0 218925 1083 72133 25
1 13763 1083 72133 25
1 13763 1083 72133 26
1 13763 1083 72133 25
1 13763 1083 72133 23
1 13763 1083 72133 25
1 13763 1083 72133 25
1 13763 1083 72133 25
1 13763 1083 72133 26
1 13763 1083 72133 27
1 13763 1083 72133 25
1 13763 1083 72133 25
1 13763 1083 72133 25
1 13763 1083 72133 23
1 13763 1083 72133 26
1 13763 1083 72133 25
1 13763 1083 72133 25
1 13763 1083 72133 25
1 13763 1083 72133 26
1 13763 1083 72133 24
1 13763 1083 72133 26
1 13763 1083 72133 26
1 13763 1083 72133 25
2 162540 1083 72133 25
2 162540 1083 72133 26
2 162540 1083 72133 25
2 162540 1083 72133 23
2 162540 1083 72133 25
2 162540 1083 72133 25
2 162540 1083 72133 25
2 162540 1083 72133 26
2 162540 1083 72133 27
2 162540 1083 72133 25
2 162540 1083 72133 25
2 162540 1083 72133 25
2 162540 1083 72133 23
2 162540 1083 72133 26
2 162540 1083 72133 25
2 162540 1083 72133 25
2 162540 1083 72133 25
2 162540 1083 72133 26
2 162540 1083 72133 24
2 162540 1083 72133 26
2 162540 1083 72133 26
2 162540 1083 72133 25
3 6553 1083 72133 25
3 6553 1083 72133 26
3 6553 1083 72133 25
3 6553 1083 72133 23
3 6553 1083 72133 25
3 6553 1083 72133 25
3 6553 1083 72133 25
3 6553 1083 72133 26
3 6553 1083 72133 27
3 6553 1083 72133 25
3 6553 1083 72133 25
3 6553 1083 72133 25
3 6553 1083 72133 23
3 6553 1083 72133 26
3 6553 1083 72133 25
3 6553 1083 72133 25
3 6553 1083 72133 25
3 6553 1083 72133 26
3 6553 1083 72133 24
3 6553 1083 72133 26
3 6553 1083 72133 26
3 6553 1083 72133 25
4 7825 1083 72133 25
4 7825 1083 72133 26
4 7825 1083 72133 25
4 7825 1083 72133 23
4 7825 1083 72133 25
4 7825 1083 72133 25
4 7825 1083 72133 25
4 7825 1083 72133 26
4 7825 1083 72133 27
4 7825 1083 72133 25
4 7825 1083 72133 25
4 7825 1083 72133 25
4 7825 1083 72133 23
4 7825 1083 72133 26
4 7825 1083 72133 25
4 7825 1083 72133 25
4 7825 1083 72133 25
4 7825 1083 72133 26
4 7825 1083 72133 24
4 7825 1083 72133 26
4 7825 1083 72133 26
4 7825 1083 72133 25
5 83453 1083 72133 25
5 83453 1083 72133 26
5 83453 1083 72133 25
5 83453 1083 72133 23
5 83453 1083 72133 25
5 83453 1083 72133 25
5 83453 1083 72133 25
5 83453 1083 72133 26
5 83453 1083 72133 27
5 83453 1083 72133 25
5 83453 1083 72133 25
5 83453 1083 72133 25
5 83453 1083 72133 23
5 83453 1083 72133 26
5 83453 1083 72133 25
5 83453 1083 72133 25
5 83453 1083 72133 25
5 83453 1083 72133 26
5 83453 1083 72133 24
5 83453 1083 72133 26
5 83453 1083 72133 26
5 83453 1083 72133 25
6 22814 1083 72133 25
6 22814 1083 72133 26
6 22814 1083 72133 25
6 22814 1083 72133 23
6 22814 1083 72133 25
6 22814 1083 72133 25
6 22814 1083 72133 25
6 22814 1083 72133 26
6 22814 1083 72133 27
6 22814 1083 72133 25
6 22814 1083 72133 25
6 22814 1083 72133 25
6 22814 1083 72133 23
6 22814 1083 72133 26
6 22814 1083 72133 25
6 22814 1083 72133 25
6 22814 1083 72133 25
6 22814 1083 72133 26
6 22814 1083 72133 24
6 22814 1083 72133 26
6 22814 1083 72133 26
6 22814 1083 72133 25
0 232463 1083 70791 25
0 232463 1083 70791 26
0 232463 1083 70791 26
0 232463 1083 70791 23
0 232463 1083 70791 25
0 232463 1083 70791 25
0 232463 1083 70791 25
0 232463 1083 70791 26
0 232463 1083 70791 27
0 232463 1083 70791 25
0 232463 1083 70791 25
0 232463 1083 70791 25
0 232463 1083 70791 23
0 232463 1083 70791 26
0 232463 1083 70791 25
0 232463 1083 70791 25
0 232463 1083 70791 25
0 232463 1083 70791 26
0 232463 1083 70791 24
0 232463 1083 70791 26
0 232463 1083 70791 26
0 232463 1083 70791 25
1 16758 1083 70791 25
1 16758 1083 70791 26
1 16758 1083 70791 26
1 16758 1083 70791 23
1 16758 1083 70791 25
1 16758 1083 70791 25
1 16758 1083 70791 25
1 16758 1083 70791 26
1 16758 1083 70791 27
1 16758 1083 70791 25
1 16758 1083 70791 25
1 16758 1083 70791 25
1 16758 1083 70791 23
1 16758 1083 70791 26
1 16758 1083 70791 25
1 16758 1083 70791 25
1 16758 1083 70791 25
1 16758 1083 70791 26
1 16758 1083 70791 24
1 16758 1083 70791 26
1 16758 1083 70791 26
1 16758 1083 70791 25
2 160294 1083 70791 25
2 160294 1083 70791 26
2 160294 1083 70791 26
2 160294 1083 70791 23
2 160294 1083 70791 25
2 160294 1083 70791 25
2 160294 1083 70791 25
2 160294 1083 70791 26
2 160294 1083 70791 27
2 160294 1083 70791 25
2 160294 1083 70791 25
2 160294 1083 70791 25
2 160294 1083 70791 23
2 160294 1083 70791 26
2 160294 1083 70791 25
2 160294 1083 70791 25
2 160294 1083 70791 25
2 160294 1083 70791 26
2 160294 1083 70791 24
2 160294 1083 70791 26
2 160294 1083 70791 26
2 160294 1083 70791 25
3 9820 1083 70791 25
3 9820 1083 70791 26
3 9820 1083 70791 26
3 9820 1083 70791 23
3 9820 1083 70791 25
3 9820 1083 70791 25
3 9820 1083 70791 25
3 9820 1083 70791 26
3 9820 1083 70791 27
3 9820 1083 70791 25
3 9820 1083 70791 25
3 9820 1083 70791 25
3 9820 1083 70791 23
3 9820 1083 70791 26
3 9820 1083 70791 25
3 9820 1083 70791 25
3 9820 1083 70791 25
3 9820 1083 70791 26
3 9820 1083 70791 24
3 9820 1083 70791 26
3 9820 1083 70791 26
3 9820 1083 70791 25
4 8947 1083 70791 25
4 8947 1083 70791 26
4 8947 1083 70791 26
4 8947 1083 70791 23
4 8947 1083 70791 25
4 8947 1083 70791 25
4 8947 1083 70791 25
4 8947 1083 70791 26
4 8947 1083 70791 27
4 8947 1083 70791 25
4 8947 1083 70791 25
4 8947 1083 70791 25
4 8947 1083 70791 23
4 8947 1083 70791 26
4 8947 1083 70791 25
4 8947 1083 70791 25
4 8947 1083 70791 25
4 8947 1083 70791 26
4 8947 1083 70791 24
4 8947 1083 70791 26
4 8947 1083 70791 26
4 8947 1083 70791 25
5 82835 1083 70791 25
5 82835 1083 70791 26
5 82835 1083 70791 26
5 82835 1083 70791 23
5 82835 1083 70791 25
5 82835 1083 70791 25
5 82835 1083 70791 25
5 82835 1083 70791 26
5 82835 1083 70791 27
5 82835 1083 70791 25
5 82835 1083 70791 25
5 82835 1083 70791 25
5 82835 1083 70791 23
5 82835 1083 70791 26
5 82835 1083 70791 25
5 82835 1083 70791 25
5 82835 1083 70791 25
5 82835 1083 70791 26
5 82835 1083 70791 24
5 82835 1083 70791 26
5 82835 1083 70791 26
5 82835 1083 70791 25
6 23940 1083 70791 25
6 23940 1083 70791 26
6 23940 1083 70791 26
6 23940 1083 70791 23
6 23940 1083 70791 25
6 23940 1083 70791 25
6 23940 1083 70791 25
6 23940 1083 70791 26
6 23940 1083 70791 27
6 23940 1083 70791 25
6 23940 1083 70791 25
6 23940 1083 70791 25
6 23940 1083 70791 23
6 23940 1083 70791 26
6 23940 1083 70791 25
6 23940 1083 70791 25
6 23940 1083 70791 25
6 23940 1083 70791 26
6 23940 1083 70791 24
6 23940 1083 70791 26
6 23940 1083 70791 26
6 23940 1083 70791 25
0 230430 1083 66388 25
0 230430 1083 66388 27
0 230430 1083 66388 26
0 230430 1083 66388 24
0 230430 1083 66388 25
0 230430 1083 66388 25
0 230430 1083 66388 25
0 230430 1083 66388 26
0 230430 1083 66388 27
0 230430 1083 66388 25
0 230430 1083 66388 26
0 230430 1083 66388 25
0 230430 1083 66388 24
0 230430 1083 66388 26
0 230430 1083 66388 25
0 230430 1083 66388 25
0 230430 1083 66388 25
0 230430 1083 66388 27
0 230430 1083 66388 24
0 230430 1083 66388 27
0 230430 1083 66388 27
0 230430 1083 66388 25
1 16015 1083 66388 25
1 16015 1083 66388 27
1 16015 1083 66388 26
1 16015 1083 66388 24
1 16015 1083 66388 25
1 16015 1083 66388 25
1 16015 1083 66388 25
1 16015 1083 66388 26
1 16015 1083 66388 27
1 16015 1083 66388 25
1 16015 1083 66388 26
1 16015 1083 66388 25
1 16015 1083 66388 24
1 16015 1083 66388 26
1 16015 1083 66388 25
1 16015 1083 66388 25
1 16015 1083 66388 25
1 16015 1083 66388 27
1 16015 1083 66388 24
1 16015 1083 66388 27
1 16015 1083 66388 27
1 16015 1083 66388 25
2 149024 1083 66388 25
2 149024 1083 66388 27
2 149024 1083 66388 26
2 149024 1083 66388 24
2 149024 1083 66388 25
2 149024 1083 66388 25
2 149024 1083 66388 25
2 149024 1083 66388 26
2 149024 1083 66388 27
2 149024 1083 66388 25
2 149024 1083 66388 26
2 149024 1083 66388 25
2 149024 1083 66388 24
2 149024 1083 66388 26
2 149024 1083 66388 25
2 149024 1083 66388 25
2 149024 1083 66388 25
2 149024 1083 66388 27
2 149024 1083 66388 24
2 149024 1083 66388 27
2 149024 1083 66388 27
2 149024 1083 66388 25
3 8981 1083 66388 25
3 8981 1083 66388 27
3 8981 1083 66388 26
3 8981 1083 66388 24
3 8981 1083 66388 25
3 8981 1083 66388 25
3 8981 1083 66388 25
3 8981 1083 66388 26
3 8981 1083 66388 27
3 8981 1083 66388 25
3 8981 1083 66388 26
3 8981 1083 66388 25
3 8981 1083 66388 24
3 8981 1083 66388 26
3 8981 1083 66388 25
3 8981 1083 66388 25
3 8981 1083 66388 25
3 8981 1083 66388 27
3 8981 1083 66388 24
3 8981 1083 66388 27
3 8981 1083 66388 27
3 8981 1083 66388 25
4 10857 1083 66388 25
4 10857 1083 66388 27
4 10857 1083 66388 26
4 10857 1083 66388 24
4 10857 1083 66388 25
4 10857 1083 66388 25
4 10857 1083 66388 25
4 10857 1083 66388 26
4 10857 1083 66388 27
4 10857 1083 66388 25
4 10857 1083 66388 26
4 10857 1083 66388 25
4 10857 1083 66388 24
4 10857 1083 66388 26
4 10857 1083 66388 25
4 10857 1083 66388 25
4 10857 1083 66388 25
4 10857 1083 66388 27
4 10857 1083 66388 24
4 10857 1083 66388 27
4 10857 1083 66388 27
4 10857 1083 66388 25
5 85962 1083 66388 25
5 85962 1083 66388 27
5 85962 1083 66388 26
5 85962 1083 66388 24
5 85962 1083 66388 25
5 85962 1083 66388 25
5 85962 1083 66388 25
5 85962 1083 66388 26
5 85962 1083 66388 27
5 85962 1083 66388 25
5 85962 1083 66388 26
5 85962 1083 66388 25
5 85962 1083 66388 24
5 85962 1083 66388 26
5 85962 1083 66388 25
5 85962 1083 66388 25
5 85962 1083 66388 25
5 85962 1083 66388 27
5 85962 1083 66388 24
5 85962 1083 66388 27
5 85962 1083 66388 27
5 85962 1083 66388 25
6 23267 1083 66388 25
6 23267 1083 66388 27
6 23267 1083 66388 26
6 23267 1083 66388 24
6 23267 1083 66388 25
6 23267 1083 66388 25
6 23267 1083 66388 25
6 23267 1083 66388 26
6 23267 1083 66388 27
6 23267 1083 66388 25
6 23267 1083 66388 26
6 23267 1083 66388 25
6 23267 1083 66388 24
6 23267 1083 66388 26
6 23267 1083 66388 25
6 23267 1083 66388 25
6 23267 1083 66388 25
6 23267 1083 66388 27
6 23267 1083 66388 24
6 23267 1083 66388 27
6 23267 1083 66388 27
6 23267 1083 66388 25
0 245277 1083 61357 25
0 245277 1083 61357 26
0 245277 1083 61357 26
0 245277 1083 61357 24
0 245277 1083 61357 25
0 245277 1083 61357 25
0 245277 1083 61357 25
0 245277 1083 61357 26
0 245277 1083 61357 27
0 245277 1083 61357 25
0 245277 1083 61357 25
0 245277 1083 61357 25
0 245277 1083 61357 24
0 245277 1083 61357 25
0 245277 1083 61357 25
0 245277 1083 61357 25
0 245277 1083 61357 24
0 245277 1083 61357 26
0 245277 1083 61357 24
0 245277 1083 61357 26
0 245277 1083 61357 26
0 245277 1083 61357 25
1 14480 1083 61357 25
1 14480 1083 61357 26
1 14480 1083 61357 26
1 14480 1083 61357 24
1 14480 1083 61357 25
1 14480 1083 61357 25
1 14480 1083 61357 25
1 14480 1083 61357 26
1 14480 1083 61357 27
1 14480 1083 61357 25
1 14480 1083 61357 25
1 14480 1083 61357 25
1 14480 1083 61357 24
1 14480 1083 61357 25
1 14480 1083 61357 25
1 14480 1083 61357 25
1 14480 1083 61357 24
1 14480 1083 61357 26
1 14480 1083 61357 24
1 14480 1083 61357 26
1 14480 1083 61357 26
1 14480 1083 61357 25
2 166101 1083 61357 25
2 166101 1083 61357 26
2 166101 1083 61357 26
2 166101 1083 61357 24
2 166101 1083 61357 25
2 166101 1083 61357 25
2 166101 1083 61357 25
2 166101 1083 61357 26
2 166101 1083 61357 27
2 166101 1083 61357 25
2 166101 1083 61357 25
2 166101 1083 61357 25
2 166101 1083 61357 24
2 166101 1083 61357 25
2 166101 1083 61357 25
2 166101 1083 61357 25
2 166101 1083 61357 24
2 166101 1083 61357 26
2 166101 1083 61357 24
2 166101 1083 61357 26
2 166101 1083 61357 26
2 166101 1083 61357 25
3 7786 1083 61357 25
3 7786 1083 61357 26
3 7786 1083 61357 26
3 7786 1083 61357 24
3 7786 1083 61357 25
3 7786 1083 61357 25
3 7786 1083 61357 25
3 7786 1083 61357 26
3 7786 1083 61357 27
3 7786 1083 61357 25
3 7786 1083 61357 25
3 7786 1083 61357 25
3 7786 1083 61357 24
3 7786 1083 61357 25
3 7786 1083 61357 25
3 7786 1083 61357 25
3 7786 1083 61357 24
3 7786 1083 61357 26
3 7786 1083 61357 24
3 7786 1083 61357 26
3 7786 1083 61357 26
3 7786 1083 61357 25
4 9106 1083 61357 25
4 9106 1083 61357 26
4 9106 1083 61357 26
4 9106 1083 61357 24
4 9106 1083 61357 25
4 9106 1083 61357 25
4 9106 1083 61357 25
4 9106 1083 61357 26
4 9106 1083 61357 27
4 9106 1083 61357 25
4 9106 1083 61357 25
4 9106 1083 61357 25
4 9106 1083 61357 24
4 9106 1083 61357 25
4 9106 1083 61357 25
4 9106 1083 61357 25
4 9106 1083 61357 24
4 9106 1083 61357 26
4 9106 1083 61357 24
4 9106 1083 61357 26
4 9106 1083 61357 26
4 9106 1083 61357 25
5 84823 1083 61357 25
5 84823 1083 61357 26
5 84823 1083 61357 26
5 84823 1083 61357 24
5 84823 1083 61357 25
5 84823 1083 61357 25
5 84823 1083 61357 25
5 84823 1083 61357 26
5 84823 1083 61357 27
5 84823 1083 61357 25
5 84823 1083 61357 25
5 84823 1083 61357 25
5 84823 1083 61357 24
5 84823 1083 61357 25
5 84823 1083 61357 25
5 84823 1083 61357 25
5 84823 1083 61357 24
5 84823 1083 61357 26
5 84823 1083 61357 24
5 84823 1083 61357 26
5 84823 1083 61357 26
5 84823 1083 61357 25
6 23796 1083 61357 25
6 23796 1083 61357 26
6 23796 1083 61357 26
6 23796 1083 61357 24
6 23796 1083 61357 25
6 23796 1083 61357 25
6 23796 1083 61357 25
6 23796 1083 61357 26
6 23796 1083 61357 27
6 23796 1083 61357 25
6 23796 1083 61357 25
6 23796 1083 61357 25
6 23796 1083 61357 24
6 23796 1083 61357 25
6 23796 1083 61357 25
6 23796 1083 61357 25
6 23796 1083 61357 24
6 23796 1083 61357 26
6 23796 1083 61357 24
6 23796 1083 61357 26
6 23796 1083 61357 26
6 23796 1083 61357 25
0 252775 1083 61257 25
0 252775 1083 61257 27
0 252775 1083 61257 26
0 252775 1083 61257 24
0 252775 1083 61257 25
0 252775 1083 61257 25
0 252775 1083 61257 25
0 252775 1083 61257 26
0 252775 1083 61257 27
0 252775 1083 61257 25
0 252775 1083 61257 26
0 252775 1083 61257 25
0 252775 1083 61257 24
0 252775 1083 61257 26
0 252775 1083 61257 25
0 252775 1083 61257 25
0 252775 1083 61257 25
0 252775 1083 61257 26
0 252775 1083 61257 24
0 252775 1083 61257 27
0 252775 1083 61257 27
0 252775 1083 61257 26
1 15946 1083 61257 25
1 15946 1083 61257 27
1 15946 1083 61257 26
1 15946 1083 61257 24
1 15946 1083 61257 25
1 15946 1083 61257 25
1 15946 1083 61257 25
1 15946 1083 61257 26
1 15946 1083 61257 27
1 15946 1083 61257 25
1 15946 1083 61257 26
1 15946 1083 61257 25
1 15946 1083 61257 24
1 15946 1083 61257 26
1 15946 1083 61257 25
1 15946 1083 61257 25
1 15946 1083 61257 25
1 15946 1083 61257 26
1 15946 1083 61257 24
1 15946 1083 61257 27
1 15946 1083 61257 27
1 15946 1083 61257 26
2 162720 1083 61257 25
2 162720 1083 61257 27
2 162720 1083 61257 26
2 162720 1083 61257 24
2 162720 1083 61257 25
2 162720 1083 61257 25
2 162720 1083 61257 25
2 162720 1083 61257 26
2 162720 1083 61257 27
2 162720 1083 61257 25
2 162720 1083 61257 26
2 162720 1083 61257 25
2 162720 1083 61257 24
2 162720 1083 61257 26
2 162720 1083 61257 25
2 162720 1083 61257 25
2 162720 1083 61257 25
2 162720 1083 61257 26
2 162720 1083 61257 24
2 162720 1083 61257 27
2 162720 1083 61257 27
2 162720 1083 61257 26
3 8235 1083 61257 25
3 8235 1083 61257 27
3 8235 1083 61257 26
3 8235 1083 61257 24
3 8235 1083 61257 25
3 8235 1083 61257 25
3 8235 1083 61257 25
3 8235 1083 61257 26
3 8235 1083 61257 27
3 8235 1083 61257 25
3 8235 1083 61257 26
3 8235 1083 61257 25
3 8235 1083 61257 24
3 8235 1083 61257 26
3 8235 1083 61257 25
3 8235 1083 61257 25
3 8235 1083 61257 25
3 8235 1083 61257 26
3 8235 1083 61257 24
3 8235 1083 61257 27
3 8235 1083 61257 27
3 8235 1083 61257 26
4 10121 1083 61257 25
4 10121 1083 61257 27
4 10121 1083 61257 26
4 10121 1083 61257 24
4 10121 1083 61257 25
4 10121 1083 61257 25
4 10121 1083 61257 25
4 10121 1083 61257 26
4 10121 1083 61257 27
4 10121 1083 61257 25
4 10121 1083 61257 26
4 10121 1083 61257 25
4 10121 1083 61257 24
4 10121 1083 61257 26
4 10121 1083 61257 25
4 10121 1083 61257 25
4 10121 1083 61257 25
4 10121 1083 61257 26
4 10121 1083 61257 24
4 10121 1083 61257 27
4 10121 1083 61257 27
4 10121 1083 61257 26
5 80643 1083 61257 25
5 80643 1083 61257 27
5 80643 1083 61257 26
5 80643 1083 61257 24
5 80643 1083 61257 25
5 80643 1083 61257 25
5 80643 1083 61257 25
5 80643 1083 61257 26
5 80643 1083 61257 27
5 80643 1083 61257 25
5 80643 1083 61257 26
5 80643 1083 61257 25
5 80643 1083 61257 24
5 80643 1083 61257 26
5 80643 1083 61257 25
5 80643 1083 61257 25
5 80643 1083 61257 25
5 80643 1083 61257 26
5 80643 1083 61257 24
5 80643 1083 61257 27
5 80643 1083 61257 27
5 80643 1083 61257 26
6 25590 1083 61257 25
6 25590 1083 61257 27
6 25590 1083 61257 26
6 25590 1083 61257 24
6 25590 1083 61257 25
6 25590 1083 61257 25
6 25590 1083 61257 25
6 25590 1083 61257 26
6 25590 1083 61257 27
6 25590 1083 61257 25
6 25590 1083 61257 26
6 25590 1083 61257 25
6 25590 1083 61257 24
6 25590 1083 61257 26
6 25590 1083 61257 25
6 25590 1083 61257 25
6 25590 1083 61257 25
6 25590 1083 61257 26
6 25590 1083 61257 24
6 25590 1083 61257 27
6 25590 1083 61257 27
6 25590 1083 61257 26
0 238528 1083 56114 25
0 238528 1083 56114 27
0 238528 1083 56114 26
0 238528 1083 56114 23
0 238528 1083 56114 25
0 238528 1083 56114 25
0 238528 1083 56114 25
0 238528 1083 56114 26
0 238528 1083 56114 27
0 238528 1083 56114 25
0 238528 1083 56114 25
0 238528 1083 56114 25
0 238528 1083 56114 23
0 238528 1083 56114 26
0 238528 1083 56114 25
0 238528 1083 56114 25
0 238528 1083 56114 25
0 238528 1083 56114 26
0 238528 1083 56114 24
0 238528 1083 56114 27
0 238528 1083 56114 27
0 238528 1083 56114 25
1 17094 1083 56114 25
1 17094 1083 56114 27
1 17094 1083 56114 26
1 17094 1083 56114 23
1 17094 1083 56114 25
1 17094 1083 56114 25
1 17094 1083 56114 25
1 17094 1083 56114 26
1 17094 1083 56114 27
1 17094 1083 56114 25
1 17094 1083 56114 25
1 17094 1083 56114 25
1 17094 1083 56114 23
1 17094 1083 56114 26
1 17094 1083 56114 25
1 17094 1083 56114 25
1 17094 1083 56114 25
1 17094 1083 56114 26
1 17094 1083 56114 24
1 17094 1083 56114 27
1 17094 1083 56114 27
1 17094 1083 56114 25
2 169913 1083 56114 25
2 169913 1083 56114 27
2 169913 1083 56114 26
2 169913 1083 56114 23
2 169913 1083 56114 25
2 169913 1083 56114 25
2 169913 1083 56114 25
2 169913 1083 56114 26
2 169913 1083 56114 27
2 169913 1083 56114 25
2 169913 1083 56114 25
2 169913 1083 56114 25
2 169913 1083 56114 23
2 169913 1083 56114 26
2 169913 1083 56114 25
2 169913 1083 56114 25
2 169913 1083 56114 25
2 169913 1083 56114 26
2 169913 1083 56114 24
2 169913 1083 56114 27
2 169913 1083 56114 27
2 169913 1083 56114 25
3 9591 1083 56114 25
3 9591 1083 56114 27
3 9591 1083 56114 26
3 9591 1083 56114 23
3 9591 1083 56114 25
3 9591 1083 56114 25
3 9591 1083 56114 25
3 9591 1083 56114 26
3 9591 1083 56114 27
3 9591 1083 56114 25
3 9591 1083 56114 25
3 9591 1083 56114 25
3 9591 1083 56114 23
3 9591 1083 56114 26
3 9591 1083 56114 25
3 9591 1083 56114 25
3 9591 1083 56114 25
3 9591 1083 56114 26
3 9591 1083 56114 24
3 9591 1083 56114 27
3 9591 1083 56114 27
3 9591 1083 56114 25
4 10319 1083 56114 25
4 10319 1083 56114 27
4 10319 1083 56114 26
4 10319 1083 56114 23
4 10319 1083 56114 25
4 10319 1083 56114 25
4 10319 1083 56114 25
4 10319 1083 56114 26
4 10319 1083 56114 27
4 10319 1083 56114 25
4 10319 1083 56114 25
4 10319 1083 56114 25
4 10319 1083 56114 23
4 10319 1083 56114 26
4 10319 1083 56114 25
4 10319 1083 56114 25
4 10319 1083 56114 25
4 10319 1083 56114 26
4 10319 1083 56114 24
4 10319 1083 56114 27
4 10319 1083 56114 27
4 10319 1083 56114 25
5 80716 1083 56114 25
5 80716 1083 56114 27
5 80716 1083 56114 26
5 80716 1083 56114 23
5 80716 1083 56114 25
5 80716 1083 56114 25
5 80716 1083 56114 25
5 80716 1083 56114 26
5 80716 1083 56114 27
5 80716 1083 56114 25
5 80716 1083 56114 25
5 80716 1083 56114 25
5 80716 1083 56114 23
5 80716 1083 56114 26
5 80716 1083 56114 25
5 80716 1083 56114 25
5 80716 1083 56114 25
5 80716 1083 56114 26
5 80716 1083 56114 24
5 80716 1083 56114 27
5 80716 1083 56114 27
5 80716 1083 56114 25
6 24828 1083 56114 25
6 24828 1083 56114 27
6 24828 1083 56114 26
6 24828 1083 56114 23
6 24828 1083 56114 25
6 24828 1083 56114 25
6 24828 1083 56114 25
6 24828 1083 56114 26
6 24828 1083 56114 27
6 24828 1083 56114 25
6 24828 1083 56114 25
6 24828 1083 56114 25
6 24828 1083 56114 23
6 24828 1083 56114 26
6 24828 1083 56114 25
6 24828 1083 56114 25
6 24828 1083 56114 25
6 24828 1083 56114 26
6 24828 1083 56114 24
6 24828 1083 56114 27
6 24828 1083 56114 27
6 24828 1083 56114 25
0 221117 1083 52279 24
0 221117 1083 52279 26
0 221117 1083 52279 25
0 221117 1083 52279 23
0 221117 1083 52279 25
0 221117 1083 52279 25
0 221117 1083 52279 24
0 221117 1083 52279 26
0 221117 1083 52279 27
0 221117 1083 52279 24
0 221117 1083 52279 24
0 221117 1083 52279 24
0 221117 1083 52279 23
0 221117 1083 52279 25
0 221117 1083 52279 24
0 221117 1083 52279 25
0 221117 1083 52279 25
0 221117 1083 52279 26
0 221117 1083 52279 24
0 221117 1083 52279 26
0 221117 1083 52279 26
0 221117 1083 52279 25
1 17111 1083 52279 24
1 17111 1083 52279 26
1 17111 1083 52279 25
1 17111 1083 52279 23
1 17111 1083 52279 25
1 17111 1083 52279 25
1 17111 1083 52279 24
1 17111 1083 52279 26
1 17111 1083 52279 27
1 17111 1083 52279 24
1 17111 1083 52279 24
1 17111 1083 52279 24
1 17111 1083 52279 23
1 17111 1083 52279 25
1 17111 1083 52279 24
1 17111 1083 52279 25
1 17111 1083 52279 25
1 17111 1083 52279 26
1 17111 1083 52279 24
1 17111 1083 52279 26
1 17111 1083 52279 26
1 17111 1083 52279 25
2 193913 1083 52279 24
2 193913 1083 52279 26
2 193913 1083 52279 25
2 193913 1083 52279 23
2 193913 1083 52279 25
2 193913 1083 52279 25
2 193913 1083 52279 24
2 193913 1083 52279 26
2 193913 1083 52279 27
2 193913 1083 52279 24
2 193913 1083 52279 24
2 193913 1083 52279 24
2 193913 1083 52279 23
2 193913 1083 52279 25
2 193913 1083 52279 24
2 193913 1083 52279 25
2 193913 1083 52279 25
2 193913 1083 52279 26
2 193913 1083 52279 24
2 193913 1083 52279 26
2 193913 1083 52279 26
2 193913 1083 52279 25
3 6920 1083 52279 24
3 6920 1083 52279 26
3 6920 1083 52279 25
3 6920 1083 52279 23
3 6920 1083 52279 25
3 6920 1083 52279 25
3 6920 1083 52279 24
3 6920 1083 52279 26
3 6920 1083 52279 27
3 6920 1083 52279 24
3 6920 1083 52279 24
3 6920 1083 52279 24
3 6920 1083 52279 23
3 6920 1083 52279 25
3 6920 1083 52279 24
3 6920 1083 52279 25
3 6920 1083 52279 25
3 6920 1083 52279 26
3 6920 1083 52279 24
3 6920 1083 52279 26
3 6920 1083 52279 26
3 6920 1083 52279 25
4 10789 1083 52279 24
4 10789 1083 52279 26
4 10789 1083 52279 25
4 10789 1083 52279 23
4 10789 1083 52279 25
4 10789 1083 52279 25
4 10789 1083 52279 24
4 10789 1083 52279 26
4 10789 1083 52279 27
4 10789 1083 52279 24
4 10789 1083 52279 24
4 10789 1083 52279 24
4 10789 1083 52279 23
4 10789 1083 52279 25
4 10789 1083 52279 24
4 10789 1083 52279 25
4 10789 1083 52279 25
4 10789 1083 52279 26
4 10789 1083 52279 24
4 10789 1083 52279 26
4 10789 1083 52279 26
4 10789 1083 52279 25
5 84850 1083 52279 24
5 84850 1083 52279 26
5 84850 1083 52279 25
5 84850 1083 52279 23
5 84850 1083 52279 25
5 84850 1083 52279 25
5 84850 1083 52279 24
5 84850 1083 52279 26
5 84850 1083 52279 27
5 84850 1083 52279 24
5 84850 1083 52279 24
5 84850 1083 52279 24
5 84850 1083 52279 23
5 84850 1083 52279 25
5 84850 1083 52279 24
5 84850 1083 52279 25
5 84850 1083 52279 25
5 84850 1083 52279 26
5 84850 1083 52279 24
5 84850 1083 52279 26
5 84850 1083 52279 26
5 84850 1083 52279 25
6 26789 1083 52279 24
6 26789 1083 52279 26
6 26789 1083 52279 25
6 26789 1083 52279 23
6 26789 1083 52279 25
6 26789 1083 52279 25
6 26789 1083 52279 24
6 26789 1083 52279 26
6 26789 1083 52279 27
6 26789 1083 52279 24
6 26789 1083 52279 24
6 26789 1083 52279 24
6 26789 1083 52279 23
6 26789 1083 52279 25
6 26789 1083 52279 24
6 26789 1083 52279 25
6 26789 1083 52279 25
6 26789 1083 52279 26
6 26789 1083 52279 24
6 26789 1083 52279 26
6 26789 1083 52279 26
6 26789 1083 52279 25
0 252815 1083 49157 25
0 252815 1083 49157 27
0 252815 1083 49157 26
0 252815 1083 49157 24
0 252815 1083 49157 26
0 252815 1083 49157 26
0 252815 1083 49157 25
0 252815 1083 49157 26
0 252815 1083 49157 27
0 252815 1083 49157 25
0 252815 1083 49157 26
0 252815 1083 49157 25
0 252815 1083 49157 24
0 252815 1083 49157 26
0 252815 1083 49157 25
0 252815 1083 49157 25
0 252815 1083 49157 25
0 252815 1083 49157 27
0 252815 1083 49157 24
0 252815 1083 49157 27
0 252815 1083 49157 27
0 252815 1083 49157 26
1 17969 1083 49157 25
1 17969 1083 49157 27
1 17969 1083 49157 26
1 17969 1083 49157 24
1 17969 1083 49157 26
1 17969 1083 49157 26
1 17969 1083 49157 25
1 17969 1083 49157 26
1 17969 1083 49157 27
1 17969 1083 49157 25
1 17969 1083 49157 26
1 17969 1083 49157 25
1 17969 1083 49157 24
1 17969 1083 49157 26
1 17969 1083 49157 25
1 17969 1083 49157 25
1 17969 1083 49157 25
1 17969 1083 49157 27
1 17969 1083 49157 24
1 17969 1083 49157 27
1 17969 1083 49157 27
1 17969 1083 49157 26
2 146020 1083 49157 25
2 146020 1083 49157 27
2 146020 1083 49157 26
2 146020 1083 49157 24
2 146020 1083 49157 26
2 146020 1083 49157 26
2 146020 1083 49157 25
2 146020 1083 49157 26
2 146020 1083 49157 27
2 146020 1083 49157 25
2 146020 1083 49157 26
2 146020 1083 49157 25
2 146020 1083 49157 24
2 146020 1083 49157 26
2 146020 1083 49157 25
2 146020 1083 49157 25
2 146020 1083 49157 25
2 146020 1083 49157 27
2 146020 1083 49157 24
2 146020 1083 49157 27
2 146020 1083 49157 27
2 146020 1083 49157 26
3 8592 1083 49157 25
3 8592 1083 49157 27
3 8592 1083 49157 26
3 8592 1083 49157 24
3 8592 1083 49157 26
3 8592 1083 49157 26
3 8592 1083 49157 25
3 8592 1083 49157 26
3 8592 1083 49157 27
3 8592 1083 49157 25
3 8592 1083 49157 26
3 8592 1083 49157 25
3 8592 1083 49157 24
3 8592 1083 49157 26
3 8592 1083 49157 25
3 8592 1083 49157 25
3 8592 1083 49157 25
3 8592 1083 49157 27
3 8592 1083 49157 24
3 8592 1083 49157 27
3 8592 1083 49157 27
3 8592 1083 49157 26
4 11001 1083 49157 25
4 11001 1083 49157 27
4 11001 1083 49157 26
4 11001 1083 49157 24
4 11001 1083 49157 26
4 11001 1083 49157 26
4 11001 1083 49157 25
4 11001 1083 49157 26
4 11001 1083 49157 27
4 11001 1083 49157 25
4 11001 1083 49157 26
4 11001 1083 49157 25
4 11001 1083 49157 24
4 11001 1083 49157 26
4 11001 1083 49157 25
4 11001 1083 49157 25
4 11001 1083 49157 25
4 11001 1083 49157 27
4 11001 1083 49157 24
4 11001 1083 49157 27
4 11001 1083 49157 27
4 11001 1083 49157 26
5 86907 1083 49157 25
5 86907 1083 49157 27
5 86907 1083 49157 26
5 86907 1083 49157 24
5 86907 1083 49157 26
5 86907 1083 49157 26
5 86907 1083 49157 25
5 86907 1083 49157 26
5 86907 1083 49157 27
5 86907 1083 49157 25
5 86907 1083 49157 26
5 86907 1083 49157 25
5 86907 1083 49157 24
5 86907 1083 49157 26
5 86907 1083 49157 25
5 86907 1083 49157 25
5 86907 1083 49157 25
5 86907 1083 49157 27
5 86907 1083 49157 24
5 86907 1083 49157 27
5 86907 1083 49157 27
5 86907 1083 49157 26
6 24852 1083 49157 25
6 24852 1083 49157 27
6 24852 1083 49157 26
6 24852 1083 49157 24
6 24852 1083 49157 26
6 24852 1083 49157 26
6 24852 1083 49157 25
6 24852 1083 49157 26
6 24852 1083 49157 27
6 24852 1083 49157 25
6 24852 1083 49157 26
6 24852 1083 49157 25
6 24852 1083 49157 24
6 24852 1083 49157 26
6 24852 1083 49157 25
6 24852 1083 49157 25
6 24852 1083 49157 25
6 24852 1083 49157 27
6 24852 1083 49157 24
6 24852 1083 49157 27
6 24852 1083 49157 27
6 24852 1083 49157 26
0 239523 1083 46195 26
0 239523 1083 46195 27
0 239523 1083 46195 26
0 239523 1083 46195 24
0 239523 1083 46195 25
0 239523 1083 46195 25
0 239523 1083 46195 26
0 239523 1083 46195 26
0 239523 1083 46195 27
0 239523 1083 46195 25
0 239523 1083 46195 26
0 239523 1083 46195 25
0 239523 1083 46195 24
0 239523 1083 46195 26
0 239523 1083 46195 26
0 239523 1083 46195 25
0 239523 1083 46195 25
0 239523 1083 46195 26
0 239523 1083 46195 24
0 239523 1083 46195 26
0 239523 1083 46195 26
0 239523 1083 46195 26
1 17922 1083 46195 26
1 17922 1083 46195 27
1 17922 1083 46195 26
1 17922 1083 46195 24
1 17922 1083 46195 25
1 17922 1083 46195 25
1 17922 1083 46195 26
1 17922 1083 46195 26
1 17922 1083 46195 27
1 17922 1083 46195 25
1 17922 1083 46195 26
1 17922 1083 46195 25
1 17922 1083 46195 24
1 17922 1083 46195 26
1 17922 1083 46195 26
1 17922 1083 46195 25
1 17922 1083 46195 25
1 17922 1083 46195 26
1 17922 1083 46195 24
1 17922 1083 46195 26
1 17922 1083 46195 26
1 17922 1083 46195 26
2 175712 1083 46195 26
2 175712 1083 46195 27
2 175712 1083 46195 26
2 175712 1083 46195 24
2 175712 1083 46195 25
2 175712 1083 46195 25
2 175712 1083 46195 26
2 175712 1083 46195 26
2 175712 1083 46195 27
2 175712 1083 46195 25
2 175712 1083 46195 26
2 175712 1083 46195 25
2 175712 1083 46195 24
2 175712 1083 46195 26
2 175712 1083 46195 26
2 175712 1083 46195 25
2 175712 1083 46195 25
2 175712 1083 46195 26
2 175712 1083 46195 24
2 175712 1083 46195 26
2 175712 1083 46195 26
2 175712 1083 46195 26
3 8472 1083 46195 26
3 8472 1083 46195 27
3 8472 1083 46195 26
3 8472 1083 46195 24
3 8472 1083 46195 25
3 8472 1083 46195 25
3 8472 1083 46195 26
3 8472 1083 46195 26
3 8472 1083 46195 27
3 8472 1083 46195 25
3 8472 1083 46195 26
3 8472 1083 46195 25
3 8472 1083 46195 24
3 8472 1083 46195 26
3 8472 1083 46195 26
3 8472 1083 46195 25
3 8472 1083 46195 25
3 8472 1083 46195 26
3 8472 1083 46195 24
3 8472 1083 46195 26
3 8472 1083 46195 26
3 8472 1083 46195 26
4 11380 1083 46195 26
4 11380 1083 46195 27
4 11380 1083 46195 26
4 11380 1083 46195 24
4 11380 1083 46195 25
4 11380 1083 46195 25
4 11380 1083 46195 26
4 11380 1083 46195 26
4 11380 1083 46195 27
4 11380 1083 46195 25
4 11380 1083 46195 26
4 11380 1083 46195 25
4 11380 1083 46195 24
4 11380 1083 46195 26
4 11380 1083 46195 26
4 11380 1083 46195 25
4 11380 1083 46195 25
4 11380 1083 46195 26
4 11380 1083 46195 24
4 11380 1083 46195 26
4 11380 1083 46195 26
4 11380 1083 46195 26
5 85744 1083 46195 26
5 85744 1083 46195 27
5 85744 1083 46195 26
5 85744 1083 46195 24
5 85744 1083 46195 25
5 85744 1083 46195 25
5 85744 1083 46195 26
5 85744 1083 46195 26
5 85744 1083 46195 27
5 85744 1083 46195 25
5 85744 1083 46195 26
5 85744 1083 46195 25
5 85744 1083 46195 24
5 85744 1083 46195 26
5 85744 1083 46195 26
5 85744 1083 46195 25
5 85744 1083 46195 25
5 85744 1083 46195 26
5 85744 1083 46195 24
5 85744 1083 46195 26
5 85744 1083 46195 26
5 85744 1083 46195 26
6 25901 1083 46195 26
6 25901 1083 46195 27
6 25901 1083 46195 26
6 25901 1083 46195 24
6 25901 1083 46195 25
6 25901 1083 46195 25
6 25901 1083 46195 26
6 25901 1083 46195 26
6 25901 1083 46195 27
6 25901 1083 46195 25
6 25901 1083 46195 26
6 25901 1083 46195 25
6 25901 1083 46195 24
6 25901 1083 46195 26
6 25901 1083 46195 26
6 25901 1083 46195 25
6 25901 1083 46195 25
6 25901 1083 46195 26
6 25901 1083 46195 24
6 25901 1083 46195 26
6 25901 1083 46195 26
6 25901 1083 46195 26
0 269087 1083 44957 25
0 269087 1083 44957 27
0 269087 1083 44957 26
0 269087 1083 44957 24
0 269087 1083 44957 25
0 269087 1083 44957 25
0 269087 1083 44957 26
0 269087 1083 44957 26
0 269087 1083 44957 27
0 269087 1083 44957 25
0 269087 1083 44957 26
0 269087 1083 44957 25
0 269087 1083 44957 24
0 269087 1083 44957 26
0 269087 1083 44957 26
0 269087 1083 44957 25
0 269087 1083 44957 25
0 269087 1083 44957 27
0 269087 1083 44957 24
0 269087 1083 44957 27
0 269087 1083 44957 27
0 269087 1083 44957 25
1 18216 1083 44957 25
1 18216 1083 44957 27
1 18216 1083 44957 26
1 18216 1083 44957 24
1 18216 1083 44957 25
1 18216 1083 44957 25
1 18216 1083 44957 26
1 18216 1083 44957 26
1 18216 1083 44957 27
1 18216 1083 44957 25
1 18216 1083 44957 26
1 18216 1083 44957 25
1 18216 1083 44957 24
1 18216 1083 44957 26
1 18216 1083 44957 26
1 18216 1083 44957 25
1 18216 1083 44957 25
1 18216 1083 44957 27
1 18216 1083 44957 24
1 18216 1083 44957 27
1 18216 1083 44957 27
1 18216 1083 44957 25
2 186443 1083 44957 25
2 186443 1083 44957 27
2 186443 1083 44957 26
2 186443 1083 44957 24
2 186443 1083 44957 25
2 186443 1083 44957 25
2 186443 1083 44957 26
2 186443 1083 44957 26
2 186443 1083 44957 27
2 186443 1083 44957 25
2 186443 1083 44957 26
2 186443 1083 44957 25
2 186443 1083 44957 24
2 186443 1083 44957 26
2 186443 1083 44957 26
2 186443 1083 44957 25
2 186443 1083 44957 25
2 186443 1083 44957 27
2 186443 1083 44957 24
2 186443 1083 44957 27
2 186443 1083 44957 27
2 186443 1083 44957 25
3 7639 1083 44957 25
3 7639 1083 44957 27
3 7639 1083 44957 26
3 7639 1083 44957 24
3 7639 1083 44957 25
3 7639 1083 44957 25
3 7639 1083 44957 26
3 7639 1083 44957 26
3 7639 1083 44957 27
3 7639 1083 44957 25
3 7639 1083 44957 26
3 7639 1083 44957 25
3 7639 1083 44957 24
3 7639 1083 44957 26
3 7639 1083 44957 26
3 7639 1083 44957 25
3 7639 1083 44957 25
3 7639 1083 44957 27
3 7639 1083 44957 24
3 7639 1083 44957 27
3 7639 1083 44957 27
3 7639 1083 44957 25
4 8222 1083 44957 25
4 8222 1083 44957 27
4 8222 1083 44957 26
4 8222 1083 44957 24
4 8222 1083 44957 25
4 8222 1083 44957 25
4 8222 1083 44957 26
4 8222 1083 44957 26
4 8222 1083 44957 27
4 8222 1083 44957 25
4 8222 1083 44957 26
4 8222 1083 44957 25
4 8222 1083 44957 24
4 8222 1083 44957 26
4 8222 1083 44957 26
4 8222 1083 44957 25
4 8222 1083 44957 25
4 8222 1083 44957 27
4 8222 1083 44957 24
4 8222 1083 44957 27
4 8222 1083 44957 27
4 8222 1083 44957 25
5 97421 1083 44957 25
5 97421 1083 44957 27
5 97421 1083 44957 26
5 97421 1083 44957 24
5 97421 1083 44957 25
5 97421 1083 44957 25
5 97421 1083 44957 26
5 97421 1083 44957 26
5 97421 1083 44957 27
5 97421 1083 44957 25
5 97421 1083 44957 26
5 97421 1083 44957 25
5 97421 1083 44957 24
5 97421 1083 44957 26
5 97421 1083 44957 26
5 97421 1083 44957 25
5 97421 1083 44957 25
5 97421 1083 44957 27
5 97421 1083 44957 24
5 97421 1083 44957 27
5 97421 1083 44957 27
5 97421 1083 44957 25
6 27785 1083 44957 25
6 27785 1083 44957 27
6 27785 1083 44957 26
6 27785 1083 44957 24
6 27785 1083 44957 25
6 27785 1083 44957 25
6 27785 1083 44957 26
6 27785 1083 44957 26
6 27785 1083 44957 27
6 27785 1083 44957 25
6 27785 1083 44957 26
6 27785 1083 44957 25
6 27785 1083 44957 24
6 27785 1083 44957 26
6 27785 1083 44957 26
6 27785 1083 44957 25
6 27785 1083 44957 25
6 27785 1083 44957 27
6 27785 1083 44957 24
6 27785 1083 44957 27
6 27785 1083 44957 27
6 27785 1083 44957 25
0 266998 1083 43720 25
0 266998 1083 43720 27
0 266998 1083 43720 26
0 266998 1083 43720 24
0 266998 1083 43720 25
0 266998 1083 43720 25
0 266998 1083 43720 25
0 266998 1083 43720 26
0 266998 1083 43720 27
0 266998 1083 43720 25
0 266998 1083 43720 26
0 266998 1083 43720 25
0 266998 1083 43720 24
0 266998 1083 43720 26
0 266998 1083 43720 25
0 266998 1083 43720 25
0 266998 1083 43720 25
0 266998 1083 43720 26
0 266998 1083 43720 24
0 266998 1083 43720 26
0 266998 1083 43720 26
0 266998 1083 43720 25
1 19996 1083 43720 25
1 19996 1083 43720 27
1 19996 1083 43720 26
1 19996 1083 43720 24
1 19996 1083 43720 25
1 19996 1083 43720 25
1 19996 1083 43720 25
1 19996 1083 43720 26
1 19996 1083 43720 27
1 19996 1083 43720 25
1 19996 1083 43720 26
1 19996 1083 43720 25
1 19996 1083 43720 24
1 19996 1083 43720 26
1 19996 1083 43720 25
1 19996 1083 43720 25
1 19996 1083 43720 25
1 19996 1083 43720 26
1 19996 1083 43720 24
1 19996 1083 43720 26
1 19996 1083 43720 26
1 19996 1083 43720 25
2 183627 1083 43720 25
2 183627 1083 43720 27
2 183627 1083 43720 26
2 183627 1083 43720 24
2 183627 1083 43720 25
2 183627 1083 43720 25
2 183627 1083 43720 25
2 183627 1083 43720 26
2 183627 1083 43720 27
2 183627 1083 43720 25
2 183627 1083 43720 26
2 183627 1083 43720 25
2 183627 1083 43720 24
2 183627 1083 43720 26
2 183627 1083 43720 25
2 183627 1083 43720 25
2 183627 1083 43720 25
2 183627 1083 43720 26
2 183627 1083 43720 24
2 183627 1083 43720 26
2 183627 1083 43720 26
2 183627 1083 43720 25
3 7715 1083 43720 25
3 7715 1083 43720 27
3 7715 1083 43720 26
3 7715 1083 43720 24
3 7715 1083 43720 25
3 7715 1083 43720 25
3 7715 1083 43720 25
3 7715 1083 43720 26
3 7715 1083 43720 27
3 7715 1083 43720 25
3 7715 1083 43720 26
3 7715 1083 43720 25
3 7715 1083 43720 24
3 7715 1083 43720 26
3 7715 1083 43720 25
3 7715 1083 43720 25
3 7715 1083 43720 25
3 7715 1083 43720 26
3 7715 1083 43720 24
3 7715 1083 43720 26
3 7715 1083 43720 26
3 7715 1083 43720 25
4 9400 1083 43720 25
4 9400 1083 43720 27
4 9400 1083 43720 26
4 9400 1083 43720 24
4 9400 1083 43720 25
4 9400 1083 43720 25
4 9400 1083 43720 25
4 9400 1083 43720 26
4 9400 1083 43720 27
4 9400 1083 43720 25
4 9400 1083 43720 26
4 9400 1083 43720 25
4 9400 1083 43720 24
4 9400 1083 43720 26
4 9400 1083 43720 25
4 9400 1083 43720 25
4 9400 1083 43720 25
4 9400 1083 43720 26
4 9400 1083 43720 24
4 9400 1083 43720 26
4 9400 1083 43720 26
4 9400 1083 43720 25
5 88368 1083 43720 25
5 88368 1083 43720 27
5 88368 1083 43720 26
5 88368 1083 43720 24
5 88368 1083 43720 25
5 88368 1083 43720 25
5 88368 1083 43720 25
5 88368 1083 43720 26
5 88368 1083 43720 27
5 88368 1083 43720 25
5 88368 1083 43720 26
5 88368 1083 43720 25
5 88368 1083 43720 24
5 88368 1083 43720 26
5 88368 1083 43720 25
5 88368 1083 43720 25
5 88368 1083 43720 25
5 88368 1083 43720 26
5 88368 1083 43720 24
5 88368 1083 43720 26
5 88368 1083 43720 26
5 88368 1083 43720 25
6 27081 1083 43720 25
6 27081 1083 43720 27
6 27081 1083 43720 26
6 27081 1083 43720 24
6 27081 1083 43720 25
6 27081 1083 43720 25
6 27081 1083 43720 25
6 27081 1083 43720 26
6 27081 1083 43720 27
6 27081 1083 43720 25
6 27081 1083 43720 26
6 27081 1083 43720 25
6 27081 1083 43720 24
6 27081 1083 43720 26
6 27081 1083 43720 25
6 27081 1083 43720 25
6 27081 1083 43720 25
6 27081 1083 43720 26
6 27081 1083 43720 24
6 27081 1083 43720 26
6 27081 1083 43720 26
6 27081 1083 43720 25
0 272746 1083 42482 26
0 272746 1083 42482 27
0 272746 1083 42482 26
0 272746 1083 42482 24
0 272746 1083 42482 25
0 272746 1083 42482 26
0 272746 1083 42482 26
0 272746 1083 42482 26
0 272746 1083 42482 27
0 272746 1083 42482 26
0 272746 1083 42482 27
0 272746 1083 42482 26
0 272746 1083 42482 24
0 272746 1083 42482 26
0 272746 1083 42482 26
0 272746 1083 42482 26
0 272746 1083 42482 25
0 272746 1083 42482 27
0 272746 1083 42482 25
0 272746 1083 42482 27
0 272746 1083 42482 27
0 272746 1083 42482 26
1 16807 1083 42482 26
1 16807 1083 42482 27
1 16807 1083 42482 26
1 16807 1083 42482 24
1 16807 1083 42482 25
1 16807 1083 42482 26
1 16807 1083 42482 26
1 16807 1083 42482 26
1 16807 1083 42482 27
1 16807 1083 42482 26
1 16807 1083 42482 27
1 16807 1083 42482 26
1 16807 1083 42482 24
1 16807 1083 42482 26
1 16807 1083 42482 26
1 16807 1083 42482 26
1 16807 1083 42482 25
1 16807 1083 42482 27
1 16807 1083 42482 25
1 16807 1083 42482 27
1 16807 1083 42482 27
1 16807 1083 42482 26
2 194173 1083 42482 26
2 194173 1083 42482 27
2 194173 1083 42482 26
2 194173 1083 42482 24
2 194173 1083 42482 25
2 194173 1083 42482 26
2 194173 1083 42482 26
2 194173 1083 42482 26
2 194173 1083 42482 27
2 194173 1083 42482 26
2 194173 1083 42482 27
2 194173 1083 42482 26
2 194173 1083 42482 24
2 194173 1083 42482 26
2 194173 1083 42482 26
2 194173 1083 42482 26
2 194173 1083 42482 25
2 194173 1083 42482 27
2 194173 1083 42482 25
2 194173 1083 42482 27
2 194173 1083 42482 27
2 194173 1083 42482 26
3 7602 1083 42482 26
3 7602 1083 42482 27
3 7602 1083 42482 26
3 7602 1083 42482 24
3 7602 1083 42482 25
3 7602 1083 42482 26
3 7602 1083 42482 26
3 7602 1083 42482 26
3 7602 1083 42482 27
3 7602 1083 42482 26
3 7602 1083 42482 27
3 7602 1083 42482 26
3 7602 1083 42482 24
3 7602 1083 42482 26
3 7602 1083 42482 26
3 7602 1083 42482 26
3 7602 1083 42482 25
3 7602 1083 42482 27
3 7602 1083 42482 25
3 7602 1083 42482 27
3 7602 1083 42482 27
3 7602 1083 42482 26
4 7624 1083 42482 26
4 7624 1083 42482 27
4 7624 1083 42482 26
4 7624 1083 42482 24
4 7624 1083 42482 25
4 7624 1083 42482 26
4 7624 1083 42482 26
4 7624 1083 42482 26
4 7624 1083 42482 27
4 7624 1083 42482 26
4 7624 1083 42482 27
4 7624 1083 42482 26
4 7624 1083 42482 24
4 7624 1083 42482 26
4 7624 1083 42482 26
4 7624 1083 42482 26
4 7624 1083 42482 25
4 7624 1083 42482 27
4 7624 1083 42482 25
4 7624 1083 42482 27
4 7624 1083 42482 27
4 7624 1083 42482 26
5 85694 1083 42482 26
5 85694 1083 42482 27
5 85694 1083 42482 26
5 85694 1083 42482 24
5 85694 1083 42482 25
5 85694 1083 42482 26
5 85694 1083 42482 26
5 85694 1083 42482 26
5 85694 1083 42482 27
5 85694 1083 42482 26
5 85694 1083 42482 27
5 85694 1083 42482 26
5 85694 1083 42482 24
5 85694 1083 42482 26
5 85694 1083 42482 26
5 85694 1083 42482 26
5 85694 1083 42482 25
5 85694 1083 42482 27
5 85694 1083 42482 25
5 85694 1083 42482 27
5 85694 1083 42482 27
5 85694 1083 42482 26
6 27621 1083 42482 26
6 27621 1083 42482 27
6 27621 1083 42482 26
6 27621 1083 42482 24
6 27621 1083 42482 25
6 27621 1083 42482 26
6 27621 1083 42482 26
6 27621 1083 42482 26
6 27621 1083 42482 27
6 27621 1083 42482 26
6 27621 1083 42482 27
6 27621 1083 42482 26
6 27621 1083 42482 24
6 27621 1083 42482 26
6 27621 1083 42482 26
6 27621 1083 42482 26
6 27621 1083 42482 25
6 27621 1083 42482 27
6 27621 1083 42482 25
6 27621 1083 42482 27
6 27621 1083 42482 27
6 27621 1083 42482 26
0 270436 1083 35113 26
0 270436 1083 35113 27
0 270436 1083 35113 26
0 270436 1083 35113 24
0 270436 1083 35113 25
0 270436 1083 35113 26
0 270436 1083 35113 26
0 270436 1083 35113 26
0 270436 1083 35113 27
0 270436 1083 35113 25
0 270436 1083 35113 26
0 270436 1083 35113 25
0 270436 1083 35113 24
0 270436 1083 35113 26
0 270436 1083 35113 26
0 270436 1083 35113 25
0 270436 1083 35113 25
0 270436 1083 35113 27
0 270436 1083 35113 24
0 270436 1083 35113 27
0 270436 1083 35113 27
0 270436 1083 35113 25
1 19073 1083 35113 26
1 19073 1083 35113 27
1 19073 1083 35113 26
1 19073 1083 35113 24
1 19073 1083 35113 25
1 19073 1083 35113 26
1 19073 1083 35113 26
1 19073 1083 35113 26
1 19073 1083 35113 27
1 19073 1083 35113 25
1 19073 1083 35113 26
1 19073 1083 35113 25
1 19073 1083 35113 24
1 19073 1083 35113 26
1 19073 1083 35113 26
1 19073 1083 35113 25
1 19073 1083 35113 25
1 19073 1083 35113 27
1 19073 1083 35113 24
1 19073 1083 35113 27
1 19073 1083 35113 27
1 19073 1083 35113 25
2 188091 1083 35113 26
2 188091 1083 35113 27
2 188091 1083 35113 26
2 188091 1083 35113 24
2 188091 1083 35113 25
2 188091 1083 35113 26
2 188091 1083 35113 26
2 188091 1083 35113 26
2 188091 1083 35113 27
2 188091 1083 35113 25
2 188091 1083 35113 26
2 188091 1083 35113 25
2 188091 1083 35113 24
2 188091 1083 35113 26
2 188091 1083 35113 26
2 188091 1083 35113 25
2 188091 1083 35113 25
2 188091 1083 35113 27
2 188091 1083 35113 24
2 188091 1083 35113 27
2 188091 1083 35113 27
2 188091 1083 35113 25
3 7161 1083 35113 26
3 7161 1083 35113 27
3 7161 1083 35113 26
3 7161 1083 35113 24
3 7161 1083 35113 25
3 7161 1083 35113 26
3 7161 1083 35113 26
3 7161 1083 35113 26
3 7161 1083 35113 27
3 7161 1083 35113 25
3 7161 1083 35113 26
3 7161 1083 35113 25
3 7161 1083 35113 24
3 7161 1083 35113 26
3 7161 1083 35113 26
3 7161 1083 35113 25
3 7161 1083 35113 25
3 7161 1083 35113 27
3 7161 1083 35113 24
3 7161 1083 35113 27
3 7161 1083 35113 27
3 7161 1083 35113 25
4 9082 1083 35113 26
4 9082 1083 35113 27
4 9082 1083 35113 26
4 9082 1083 35113 24
4 9082 1083 35113 25
4 9082 1083 35113 26
4 9082 1083 35113 26
4 9082 1083 35113 26
4 9082 1083 35113 27
4 9082 1083 35113 25
4 9082 1083 35113 26
4 9082 1083 35113 25
4 9082 1083 35113 24
4 9082 1083 35113 26
4 9082 1083 35113 26
4 9082 1083 35113 25
4 9082 1083 35113 25
4 9082 1083 35113 27
4 9082 1083 35113 24
4 9082 1083 35113 27
4 9082 1083 35113 27
4 9082 1083 35113 25
5 88588 1083 35113 26
5 88588 1083 35113 27
5 88588 1083 35113 26
5 88588 1083 35113 24
5 88588 1083 35113 25
5 88588 1083 35113 26
5 88588 1083 35113 26
5 88588 1083 35113 26
5 88588 1083 35113 27
5 88588 1083 35113 25
5 88588 1083 35113 26
5 88588 1083 35113 25
5 88588 1083 35113 24
5 88588 1083 35113 26
5 88588 1083 35113 26
5 88588 1083 35113 25
5 88588 1083 35113 25
5 88588 1083 35113 27
5 88588 1083 35113 24
5 88588 1083 35113 27
5 88588 1083 35113 27
5 88588 1083 35113 25
6 27132 1083 35113 26
6 27132 1083 35113 27
6 27132 1083 35113 26
6 27132 1083 35113 24
6 27132 1083 35113 25
6 27132 1083 35113 26
6 27132 1083 35113 26
6 27132 1083 35113 26
6 27132 1083 35113 27
6 27132 1083 35113 25
6 27132 1083 35113 26
6 27132 1083 35113 25
6 27132 1083 35113 24
6 27132 1083 35113 26
6 27132 1083 35113 26
6 27132 1083 35113 25
6 27132 1083 35113 25
6 27132 1083 35113 27
6 27132 1083 35113 24
6 27132 1083 35113 27
6 27132 1083 35113 27
6 27132 1083 35113 25
0 304978 1083 35342 25
0 304978 1083 35342 26
0 304978 1083 35342 26
0 304978 1083 35342 24
0 304978 1083 35342 25
0 304978 1083 35342 25
0 304978 1083 35342 25
0 304978 1083 35342 26
0 304978 1083 35342 27
0 304978 1083 35342 25
0 304978 1083 35342 25
0 304978 1083 35342 25
0 304978 1083 35342 24
0 304978 1083 35342 26
0 304978 1083 35342 25
0 304978 1083 35342 26
0 304978 1083 35342 25
0 304978 1083 35342 26
0 304978 1083 35342 25
0 304978 1083 35342 26
0 304978 1083 35342 26
0 304978 1083 35342 26
1 19385 1083 35342 25
1 19385 1083 35342 26
1 19385 1083 35342 26
1 19385 1083 35342 24
1 19385 1083 35342 25
1 19385 1083 35342 25
1 19385 1083 35342 25
1 19385 1083 35342 26
1 19385 1083 35342 27
1 19385 1083 35342 25
1 19385 1083 35342 25
1 19385 1083 35342 25
1 19385 1083 35342 24
1 19385 1083 35342 26
1 19385 1083 35342 25
1 19385 1083 35342 26
1 19385 1083 35342 25
1 19385 1083 35342 26
1 19385 1083 35342 25
1 19385 1083 35342 26
1 19385 1083 35342 26
1 19385 1083 35342 26
2 188908 1083 35342 25
2 188908 1083 35342 26
2 188908 1083 35342 26
2 188908 1083 35342 24
2 188908 1083 35342 25
2 188908 1083 35342 25
2 188908 1083 35342 25
2 188908 1083 35342 26
2 188908 1083 35342 27
2 188908 1083 35342 25
2 188908 1083 35342 25
2 188908 1083 35342 25
2 188908 1083 35342 24
2 188908 1083 35342 26
2 188908 1083 35342 25
2 188908 1083 35342 26
2 188908 1083 35342 25
2 188908 1083 35342 26
2 188908 1083 35342 25
2 188908 1083 35342 26
2 188908 1083 35342 26
2 188908 1083 35342 26
3 7968 1083 35342 25
3 7968 1083 35342 26
3 7968 1083 35342 26
3 7968 1083 35342 24
3 7968 1083 35342 25
3 7968 1083 35342 25
3 7968 1083 35342 25
3 7968 1083 35342 26
3 7968 1083 35342 27
3 7968 1083 35342 25
3 7968 1083 35342 25
3 7968 1083 35342 25
3 7968 1083 35342 24
3 7968 1083 35342 26
3 7968 1083 35342 25
3 7968 1083 35342 26
3 7968 1083 35342 25
3 7968 1083 35342 26
3 7968 1083 35342 25
3 7968 1083 35342 26
3 7968 1083 35342 26
3 7968 1083 35342 26
4 10734 1083 35342 25
4 10734 1083 35342 26
4 10734 1083 35342 26
4 10734 1083 35342 24
4 10734 1083 35342 25
4 10734 1083 35342 25
4 10734 1083 35342 25
4 10734 1083 35342 26
4 10734 1083 35342 27
4 10734 1083 35342 25
4 10734 1083 35342 25
4 10734 1083 35342 25
4 10734 1083 35342 24
4 10734 1083 35342 26
4 10734 1083 35342 25
4 10734 1083 35342 26
4 10734 1083 35342 25
4 10734 1083 35342 26
4 10734 1083 35342 25
4 10734 1083 35342 26
4 10734 1083 35342 26
4 10734 1083 35342 26
5 88477 1083 35342 25
5 88477 1083 35342 26
5 88477 1083 35342 26
5 88477 1083 35342 24
5 88477 1083 35342 25
5 88477 1083 35342 25
5 88477 1083 35342 25
5 88477 1083 35342 26
5 88477 1083 35342 27
5 88477 1083 35342 25
5 88477 1083 35342 25
5 88477 1083 35342 25
5 88477 1083 35342 24
5 88477 1083 35342 26
5 88477 1083 35342 25
5 88477 1083 35342 26
5 88477 1083 35342 25
5 88477 1083 35342 26
5 88477 1083 35342 25
5 88477 1083 35342 26
5 88477 1083 35342 26
5 88477 1083 35342 26
6 26016 1083 35342 25
6 26016 1083 35342 26
6 26016 1083 35342 26
6 26016 1083 35342 24
6 26016 1083 35342 25
6 26016 1083 35342 25
6 26016 1083 35342 25
6 26016 1083 35342 26
6 26016 1083 35342 27
6 26016 1083 35342 25
6 26016 1083 35342 25
6 26016 1083 35342 25
6 26016 1083 35342 24
6 26016 1083 35342 26
6 26016 1083 35342 25
6 26016 1083 35342 26
6 26016 1083 35342 25
6 26016 1083 35342 26
6 26016 1083 35342 25
6 26016 1083 35342 26
6 26016 1083 35342 26
6 26016 1083 35342 26
0 321132 1083 37423 26
0 321132 1083 37423 27
0 321132 1083 37423 26
0 321132 1083 37423 24
0 321132 1083 37423 25
0 321132 1083 37423 26
0 321132 1083 37423 26
0 321132 1083 37423 26
0 321132 1083 37423 27
0 321132 1083 37423 25
0 321132 1083 37423 26
0 321132 1083 37423 25
0 321132 1083 37423 24
0 321132 1083 37423 26
0 321132 1083 37423 26
0 321132 1083 37423 26
0 321132 1083 37423 25
0 321132 1083 37423 26
0 321132 1083 37423 24
0 321132 1083 37423 27
0 321132 1083 37423 27
0 321132 1083 37423 26
1 19125 1083 37423 26
1 19125 1083 37423 27
1 19125 1083 37423 26
1 19125 1083 37423 24
1 19125 1083 37423 25
1 19125 1083 37423 26
1 19125 1083 37423 26
1 19125 1083 37423 26
1 19125 1083 37423 27
1 19125 1083 37423 25
1 19125 1083 37423 26
1 19125 1083 37423 25
1 19125 1083 37423 24
1 19125 1083 37423 26
1 19125 1083 37423 26
1 19125 1083 37423 26
1 19125 1083 37423 25
1 19125 1083 37423 26
1 19125 1083 37423 24
1 19125 1083 37423 27
1 19125 1083 37423 27
1 19125 1083 37423 26
2 185920 1083 37423 26
2 185920 1083 37423 27
2 185920 1083 37423 26
2 185920 1083 37423 24
2 185920 1083 37423 25
2 185920 1083 37423 26
2 185920 1083 37423 26
2 185920 1083 37423 26
2 185920 1083 37423 27
2 185920 1083 37423 25
2 185920 1083 37423 26
2 185920 1083 37423 25
2 185920 1083 37423 24
2 185920 1083 37423 26
2 185920 1083 37423 26
2 185920 1083 37423 26
2 185920 1083 37423 25
2 185920 1083 37423 26
2 185920 1083 37423 24
2 185920 1083 37423 27
2 185920 1083 37423 27
2 185920 1083 37423 26
3 8803 1083 37423 26
3 8803 1083 37423 27
3 8803 1083 37423 26
3 8803 1083 37423 24
3 8803 1083 37423 25
3 8803 1083 37423 26
3 8803 1083 37423 26
3 8803 1083 37423 26
3 8803 1083 37423 27
3 8803 1083 37423 25
3 8803 1083 37423 26
3 8803 1083 37423 25
3 8803 1083 37423 24
3 8803 1083 37423 26
3 8803 1083 37423 26
3 8803 1083 37423 26
3 8803 1083 37423 25
3 8803 1083 37423 26
3 8803 1083 37423 24
3 8803 1083 37423 27
3 8803 1083 37423 27
3 8803 1083 37423 26
4 10628 1083 37423 26
4 10628 1083 37423 27
4 10628 1083 37423 26
4 10628 1083 37423 24
4 10628 1083 37423 25
4 10628 1083 37423 26
4 10628 1083 37423 26
4 10628 1083 37423 26
4 10628 1083 37423 27
4 10628 1083 37423 25
4 10628 1083 37423 26
4 10628 1083 37423 25
4 10628 1083 37423 24
4 10628 1083 37423 26
4 10628 1083 37423 26
4 10628 1083 37423 26
4 10628 1083 37423 25
4 10628 1083 37423 26
4 10628 1083 37423 24
4 10628 1083 37423 27
4 10628 1083 37423 27
4 10628 1083 37423 26
5 86849 1083 37423 26
5 86849 1083 37423 27
5 86849 1083 37423 26
5 86849 1083 37423 24
5 86849 1083 37423 25
5 86849 1083 37423 26
5 86849 1083 37423 26
5 86849 1083 37423 26
5 86849 1083 37423 27
5 86849 1083 37423 25
5 86849 1083 37423 26
5 86849 1083 37423 25
5 86849 1083 37423 24
5 86849 1083 37423 26
5 86849 1083 37423 26
5 86849 1083 37423 26
5 86849 1083 37423 25
5 86849 1083 37423 26
5 86849 1083 37423 24
5 86849 1083 37423 27
5 86849 1083 37423 27
5 86849 1083 37423 26
6 26188 1083 37423 26
6 26188 1083 37423 27
6 26188 1083 37423 26
6 26188 1083 37423 24
6 26188 1083 37423 25
6 26188 1083 37423 26
6 26188 1083 37423 26
6 26188 1083 37423 26
6 26188 1083 37423 27
6 26188 1083 37423 25
6 26188 1083 37423 26
6 26188 1083 37423 25
6 26188 1083 37423 24
6 26188 1083 37423 26
6 26188 1083 37423 26
6 26188 1083 37423 26
6 26188 1083 37423 25
6 26188 1083 37423 26
6 26188 1083 37423 24
6 26188 1083 37423 27
6 26188 1083 37423 27
6 26188 1083 37423 26
0 322204 1083 27422 26
0 322204 1083 27422 27
0 322204 1083 27422 25
0 322204 1083 27422 24
0 322204 1083 27422 25
0 322204 1083 27422 25
0 322204 1083 27422 26
0 322204 1083 27422 26
0 322204 1083 27422 27
0 322204 1083 27422 25
0 322204 1083 27422 26
0 322204 1083 27422 25
0 322204 1083 27422 24
0 322204 1083 27422 26
0 322204 1083 27422 26
0 322204 1083 27422 25
0 322204 1083 27422 25
0 322204 1083 27422 27
0 322204 1083 27422 24
0 322204 1083 27422 27
0 322204 1083 27422 27
0 322204 1083 27422 25
1 23352 1083 27422 26
1 23352 1083 27422 27
1 23352 1083 27422 25
1 23352 1083 27422 24
1 23352 1083 27422 25
1 23352 1083 27422 25
1 23352 1083 27422 26
1 23352 1083 27422 26
1 23352 1083 27422 27
1 23352 1083 27422 25
1 23352 1083 27422 26
1 23352 1083 27422 25
1 23352 1083 27422 24
1 23352 1083 27422 26
1 23352 1083 27422 26
1 23352 1083 27422 25
1 23352 1083 27422 25
1 23352 1083 27422 27
1 23352 1083 27422 24
1 23352 1083 27422 27
1 23352 1083 27422 27
1 23352 1083 27422 25
2 164101 1083 27422 26
2 164101 1083 27422 27
2 164101 1083 27422 25
2 164101 1083 27422 24
2 164101 1083 27422 25
2 164101 1083 27422 25
2 164101 1083 27422 26
2 164101 1083 27422 26
2 164101 1083 27422 27
2 164101 1083 27422 25
2 164101 1083 27422 26
2 164101 1083 27422 25
2 164101 1083 27422 24
2 164101 1083 27422 26
2 164101 1083 27422 26
2 164101 1083 27422 25
2 164101 1083 27422 25
2 164101 1083 27422 27
2 164101 1083 27422 24
2 164101 1083 27422 27
2 164101 1083 27422 27
2 164101 1083 27422 25
3 8443 1083 27422 26
3 8443 1083 27422 27
3 8443 1083 27422 25
3 8443 1083 27422 24
3 8443 1083 27422 25
3 8443 1083 27422 25
3 8443 1083 27422 26
3 8443 1083 27422 26
3 8443 1083 27422 27
3 8443 1083 27422 25
3 8443 1083 27422 26
3 8443 1083 27422 25
3 8443 1083 27422 24
3 8443 1083 27422 26
3 8443 1083 27422 26
3 8443 1083 27422 25
3 8443 1083 27422 25
3 8443 1083 27422 27
3 8443 1083 27422 24
3 8443 1083 27422 27
3 8443 1083 27422 27
3 8443 1083 27422 25
4 12351 1083 27422 26
4 12351 1083 27422 27
4 12351 1083 27422 25
4 12351 1083 27422 24
4 12351 1083 27422 25
4 12351 1083 27422 25
4 12351 1083 27422 26
4 12351 1083 27422 26
4 12351 1083 27422 27
4 12351 1083 27422 25
4 12351 1083 27422 26
4 12351 1083 27422 25
4 12351 1083 27422 24
4 12351 1083 27422 26
4 12351 1083 27422 26
4 12351 1083 27422 25
4 12351 1083 27422 25
4 12351 1083 27422 27
4 12351 1083 27422 24
4 12351 1083 27422 27
4 12351 1083 27422 27
4 12351 1083 27422 25
5 86976 1083 27422 26
5 86976 1083 27422 27
5 86976 1083 27422 25
5 86976 1083 27422 24
5 86976 1083 27422 25
5 86976 1083 27422 25
5 86976 1083 27422 26
5 86976 1083 27422 26
5 86976 1083 27422 27
5 86976 1083 27422 25
5 86976 1083 27422 26
5 86976 1083 27422 25
5 86976 1083 27422 24
5 86976 1083 27422 26
5 86976 1083 27422 26
5 86976 1083 27422 25
5 86976 1083 27422 25
5 86976 1083 27422 27
5 86976 1083 27422 24
5 86976 1083 27422 27
5 86976 1083 27422 27
5 86976 1083 27422 25
6 27079 1083 27422 26
6 27079 1083 27422 27
6 27079 1083 27422 25
6 27079 1083 27422 24
6 27079 1083 27422 25
6 27079 1083 27422 25
6 27079 1083 27422 26
6 27079 1083 27422 26
6 27079 1083 27422 27
6 27079 1083 27422 25
6 27079 1083 27422 26
6 27079 1083 27422 25
6 27079 1083 27422 24
6 27079 1083 27422 26
6 27079 1083 27422 26
6 27079 1083 27422 25
6 27079 1083 27422 25
6 27079 1083 27422 27
6 27079 1083 27422 24
6 27079 1083 27422 27
6 27079 1083 27422 27
6 27079 1083 27422 25
0 335407 1083 14485 25
0 335407 1083 14485 27
0 335407 1083 14485 25
0 335407 1083 14485 24
0 335407 1083 14485 25
0 335407 1083 14485 25
0 335407 1083 14485 25
0 335407 1083 14485 26
0 335407 1083 14485 27
0 335407 1083 14485 25
0 335407 1083 14485 25
0 335407 1083 14485 25
0 335407 1083 14485 24
0 335407 1083 14485 26
0 335407 1083 14485 25
0 335407 1083 14485 25
0 335407 1083 14485 25
0 335407 1083 14485 26
0 335407 1083 14485 24
0 335407 1083 14485 26
0 335407 1083 14485 26
0 335407 1083 14485 25
1 24140 1083 14485 25
1 24140 1083 14485 27
1 24140 1083 14485 25
1 24140 1083 14485 24
1 24140 1083 14485 25
1 24140 1083 14485 25
1 24140 1083 14485 25
1 24140 1083 14485 26
1 24140 1083 14485 27
1 24140 1083 14485 25
1 24140 1083 14485 25
1 24140 1083 14485 25
1 24140 1083 14485 24
1 24140 1083 14485 26
1 24140 1083 14485 25
1 24140 1083 14485 25
1 24140 1083 14485 25
1 24140 1083 14485 26
1 24140 1083 14485 24
1 24140 1083 14485 26
1 24140 1083 14485 26
1 24140 1083 14485 25
2 192973 1083 14485 25
2 192973 1083 14485 27
2 192973 1083 14485 25
2 192973 1083 14485 24
2 192973 1083 14485 25
2 192973 1083 14485 25
2 192973 1083 14485 25
2 192973 1083 14485 26
2 192973 1083 14485 27
2 192973 1083 14485 25
2 192973 1083 14485 25
2 192973 1083 14485 25
2 192973 1083 14485 24
2 192973 1083 14485 26
2 192973 1083 14485 25
2 192973 1083 14485 25
2 192973 1083 14485 25
2 192973 1083 14485 26
2 192973 1083 14485 24
2 192973 1083 14485 26
2 192973 1083 14485 26
2 192973 1083 14485 25
3 10209 1083 14485 25
3 10209 1083 14485 27
3 10209 1083 14485 25
3 10209 1083 14485 24
3 10209 1083 14485 25
3 10209 1083 14485 25
3 10209 1083 14485 25
3 10209 1083 14485 26
3 10209 1083 14485 27
3 10209 1083 14485 25
3 10209 1083 14485 25
3 10209 1083 14485 25
3 10209 1083 14485 24
3 10209 1083 14485 26
3 10209 1083 14485 25
3 10209 1083 14485 25
3 10209 1083 14485 25
3 10209 1083 14485 26
3 10209 1083 14485 24
3 10209 1083 14485 26
3 10209 1083 14485 26
3 10209 1083 14485 25
4 10415 1083 14485 25
4 10415 1083 14485 27
4 10415 1083 14485 25
4 10415 1083 14485 24
4 10415 1083 14485 25
4 10415 1083 14485 25
4 10415 1083 14485 25
4 10415 1083 14485 26
4 10415 1083 14485 27
4 10415 1083 14485 25
4 10415 1083 14485 25
4 10415 1083 14485 25
4 10415 1083 14485 24
4 10415 1083 14485 26
4 10415 1083 14485 25
4 10415 1083 14485 25
4 10415 1083 14485 25
4 10415 1083 14485 26
4 10415 1083 14485 24
4 10415 1083 14485 26
4 10415 1083 14485 26
4 10415 1083 14485 25
5 88943 1083 14485 25
5 88943 1083 14485 27
5 88943 1083 14485 25
5 88943 1083 14485 24
5 88943 1083 14485 25
5 88943 1083 14485 25
5 88943 1083 14485 25
5 88943 1083 14485 26
5 88943 1083 14485 27
5 88943 1083 14485 25
5 88943 1083 14485 25
5 88943 1083 14485 25
5 88943 1083 14485 24
5 88943 1083 14485 26
5 88943 1083 14485 25
5 88943 1083 14485 25
5 88943 1083 14485 25
5 88943 1083 14485 26
5 88943 1083 14485 24
5 88943 1083 14485 26
5 88943 1083 14485 26
5 88943 1083 14485 25
6 28022 1083 14485 25
6 28022 1083 14485 27
6 28022 1083 14485 25
6 28022 1083 14485 24
6 28022 1083 14485 25
6 28022 1083 14485 25
6 28022 1083 14485 25
6 28022 1083 14485 26
6 28022 1083 14485 27
6 28022 1083 14485 25
6 28022 1083 14485 25
6 28022 1083 14485 25
6 28022 1083 14485 24
6 28022 1083 14485 26
6 28022 1083 14485 25
6 28022 1083 14485 25
6 28022 1083 14485 25
6 28022 1083 14485 26
6 28022 1083 14485 24
6 28022 1083 14485 26
6 28022 1083 14485 26
6 28022 1083 14485 25
0 343433 1083 28707 26
0 343433 1083 28707 28
0 343433 1083 28707 26
0 343433 1083 28707 24
0 343433 1083 28707 25
0 343433 1083 28707 26
0 343433 1083 28707 26
0 343433 1083 28707 27
0 343433 1083 28707 28
0 343433 1083 28707 26
0 343433 1083 28707 26
0 343433 1083 28707 25
0 343433 1083 28707 24
0 343433 1083 28707 27
0 343433 1083 28707 26
0 343433 1083 28707 26
0 343433 1083 28707 25
0 343433 1083 28707 27
0 343433 1083 28707 25
0 343433 1083 28707 27
0 343433 1083 28707 27
0 343433 1083 28707 26
1 20238 1083 28707 26
1 20238 1083 28707 28
1 20238 1083 28707 26
1 20238 1083 28707 24
1 20238 1083 28707 25
1 20238 1083 28707 26
1 20238 1083 28707 26
1 20238 1083 28707 27
1 20238 1083 28707 28
1 20238 1083 28707 26
1 20238 1083 28707 26
1 20238 1083 28707 25
1 20238 1083 28707 24
1 20238 1083 28707 27
1 20238 1083 28707 26
1 20238 1083 28707 26
1 20238 1083 28707 25
1 20238 1083 28707 27
1 20238 1083 28707 25
1 20238 1083 28707 27
1 20238 1083 28707 27
1 20238 1083 28707 26
2 188103 1083 28707 26
2 188103 1083 28707 28
2 188103 1083 28707 26
2 188103 1083 28707 24
2 188103 1083 28707 25
2 188103 1083 28707 26
2 188103 1083 28707 26
2 188103 1083 28707 27
2 188103 1083 28707 28
2 188103 1083 28707 26
2 188103 1083 28707 26
2 188103 1083 28707 25
2 188103 1083 28707 24
2 188103 1083 28707 27
2 188103 1083 28707 26
2 188103 1083 28707 26
2 188103 1083 28707 25
2 188103 1083 28707 27
2 188103 1083 28707 25
2 188103 1083 28707 27
2 188103 1083 28707 27
2 188103 1083 28707 26
3 9621 1083 28707 26
3 9621 1083 28707 28
3 9621 1083 28707 26
3 9621 1083 28707 24
3 9621 1083 28707 25
3 9621 1083 28707 26
3 9621 1083 28707 26
3 9621 1083 28707 27
3 9621 1083 28707 28
3 9621 1083 28707 26
3 9621 1083 28707 26
3 9621 1083 28707 25
3 9621 1083 28707 24
3 9621 1083 28707 27
3 9621 1083 28707 26
3 9621 1083 28707 26
3 9621 1083 28707 25
3 9621 1083 28707 27
3 9621 1083 28707 25
3 9621 1083 28707 27
3 9621 1083 28707 27
3 9621 1083 28707 26
4 10236 1083 28707 26
4 10236 1083 28707 28
4 10236 1083 28707 26
4 10236 1083 28707 24
4 10236 1083 28707 25
4 10236 1083 28707 26
4 10236 1083 28707 26
4 10236 1083 28707 27
4 10236 1083 28707 28
4 10236 1083 28707 26
4 10236 1083 28707 26
4 10236 1083 28707 25
4 10236 1083 28707 24
4 10236 1083 28707 27
4 10236 1083 28707 26
4 10236 1083 28707 26
4 10236 1083 28707 25
4 10236 1083 28707 27
4 10236 1083 28707 25
4 10236 1083 28707 27
4 10236 1083 28707 27
4 10236 1083 28707 26
5 90080 1083 28707 26
5 90080 1083 28707 28
5 90080 1083 28707 26
5 90080 1083 28707 24
5 90080 1083 28707 25
5 90080 1083 28707 26
5 90080 1083 28707 26
5 90080 1083 28707 27
5 90080 1083 28707 28
5 90080 1083 28707 26
5 90080 1083 28707 26
5 90080 1083 28707 25
5 90080 1083 28707 24
5 90080 1083 28707 27
5 90080 1083 28707 26
5 90080 1083 28707 26
5 90080 1083 28707 25
5 90080 1083 28707 27
5 90080 1083 28707 25
5 90080 1083 28707 27
5 90080 1083 28707 27
5 90080 1083 28707 26
6 29071 1083 28707 26
6 29071 1083 28707 28
6 29071 1083 28707 26
6 29071 1083 28707 24
6 29071 1083 28707 25
6 29071 1083 28707 26
6 29071 1083 28707 26
6 29071 1083 28707 27
6 29071 1083 28707 28
6 29071 1083 28707 26
6 29071 1083 28707 26
6 29071 1083 28707 25
6 29071 1083 28707 24
6 29071 1083 28707 27
6 29071 1083 28707 26
6 29071 1083 28707 26
6 29071 1083 28707 25
6 29071 1083 28707 27
6 29071 1083 28707 25
6 29071 1083 28707 27
6 29071 1083 28707 27
6 29071 1083 28707 26
0 347555 1083 40093 26
0 347555 1083 40093 28
0 347555 1083 40093 26
0 347555 1083 40093 24
0 347555 1083 40093 25
0 347555 1083 40093 26
0 347555 1083 40093 26
0 347555 1083 40093 27
0 347555 1083 40093 27
0 347555 1083 40093 26
0 347555 1083 40093 26
0 347555 1083 40093 26
0 347555 1083 40093 24
0 347555 1083 40093 26
0 347555 1083 40093 26
0 347555 1083 40093 26
0 347555 1083 40093 25
0 347555 1083 40093 27
0 347555 1083 40093 25
0 347555 1083 40093 27
0 347555 1083 40093 27
0 347555 1083 40093 26
1 25401 1083 40093 26
1 25401 1083 40093 28
1 25401 1083 40093 26
1 25401 1083 40093 24
1 25401 1083 40093 25
1 25401 1083 40093 26
1 25401 1083 40093 26
1 25401 1083 40093 27
1 25401 1083 40093 27
1 25401 1083 40093 26
1 25401 1083 40093 26
1 25401 1083 40093 26
1 25401 1083 40093 24
1 25401 1083 40093 26
1 25401 1083 40093 26
1 25401 1083 40093 26
1 25401 1083 40093 25
1 25401 1083 40093 27
1 25401 1083 40093 25
1 25401 1083 40093 27
1 25401 1083 40093 27
1 25401 1083 40093 26
2 199299 1083 40093 26
2 199299 1083 40093 28
2 199299 1083 40093 26
2 199299 1083 40093 24
2 199299 1083 40093 25
2 199299 1083 40093 26
2 199299 1083 40093 26
2 199299 1083 40093 27
2 199299 1083 40093 27
2 199299 1083 40093 26
2 199299 1083 40093 26
2 199299 1083 40093 26
2 199299 1083 40093 24
2 199299 1083 40093 26
2 199299 1083 40093 26
2 199299 1083 40093 26
2 199299 1083 40093 25
2 199299 1083 40093 27
2 199299 1083 40093 25
2 199299 1083 40093 27
2 199299 1083 40093 27
2 199299 1083 40093 26
3 8602 1083 40093 26
3 8602 1083 40093 28
3 8602 1083 40093 26
3 8602 1083 40093 24
3 8602 1083 40093 25
3 8602 1083 40093 26
3 8602 1083 40093 26
3 8602 1083 40093 27
3 8602 1083 40093 27
3 8602 1083 40093 26
3 8602 1083 40093 26
3 8602 1083 40093 26
3 8602 1083 40093 24
3 8602 1083 40093 26
3 8602 1083 40093 26
3 8602 1083 40093 26
3 8602 1083 40093 25
3 8602 1083 40093 27
3 8602 1083 40093 25
3 8602 1083 40093 27
3 8602 1083 40093 27
3 8602 1083 40093 26
4 13330 1083 40093 26
4 13330 1083 40093 28
4 13330 1083 40093 26
4 13330 1083 40093 24
4 13330 1083 40093 25
4 13330 1083 40093 26
4 13330 1083 40093 26
4 13330 1083 40093 27
4 13330 1083 40093 27
4 13330 1083 40093 26
4 13330 1083 40093 26
4 13330 1083 40093 26
4 13330 1083 40093 24
4 13330 1083 40093 26
4 13330 1083 40093 26
4 13330 1083 40093 26
4 13330 1083 40093 25
4 13330 1083 40093 27
4 13330 1083 40093 25
4 13330 1083 40093 27
4 13330 1083 40093 27
4 13330 1083 40093 26
5 92069 1083 40093 26
5 92069 1083 40093 28
5 92069 1083 40093 26
5 92069 1083 40093 24
5 92069 1083 40093 25
5 92069 1083 40093 26
5 92069 1083 40093 26
5 92069 1083 40093 27
5 92069 1083 40093 27
5 92069 1083 40093 26
5 92069 1083 40093 26
5 92069 1083 40093 26
5 92069 1083 40093 24
5 92069 1083 40093 26
5 92069 1083 40093 26
5 92069 1083 40093 26
5 92069 1083 40093 25
5 92069 1083 40093 27
5 92069 1083 40093 25
5 92069 1083 40093 27
5 92069 1083 40093 27
5 92069 1083 40093 26
6 28395 1083 40093 26
6 28395 1083 40093 28
6 28395 1083 40093 26
6 28395 1083 40093 24
6 28395 1083 40093 25
6 28395 1083 40093 26
6 28395 1083 40093 26
6 28395 1083 40093 27
6 28395 1083 40093 27
6 28395 1083 40093 26
6 28395 1083 40093 26
6 28395 1083 40093 26
6 28395 1083 40093 24
6 28395 1083 40093 26
6 28395 1083 40093 26
6 28395 1083 40093 26
6 28395 1083 40093 25
6 28395 1083 40093 27
6 28395 1083 40093 25
6 28395 1083 40093 27
6 28395 1083 40093 27
6 28395 1083 40093 26
0 364770 1083 55540 25
0 364770 1083 55540 27
0 364770 1083 55540 25
0 364770 1083 55540 24
0 364770 1083 55540 25
0 364770 1083 55540 25
0 364770 1083 55540 25
0 364770 1083 55540 26
0 364770 1083 55540 27
0 364770 1083 55540 25
0 364770 1083 55540 25
0 364770 1083 55540 25
0 364770 1083 55540 24
0 364770 1083 55540 26
0 364770 1083 55540 25
0 364770 1083 55540 25
0 364770 1083 55540 25
0 364770 1083 55540 26
0 364770 1083 55540 24
0 364770 1083 55540 27
0 364770 1083 55540 27
0 364770 1083 55540 25
1 24784 1083 55540 25
1 24784 1083 55540 27
1 24784 1083 55540 25
1 24784 1083 55540 24
1 24784 1083 55540 25
1 24784 1083 55540 25
1 24784 1083 55540 25
1 24784 1083 55540 26
1 24784 1083 55540 27
1 24784 1083 55540 25
1 24784 1083 55540 25
1 24784 1083 55540 25
1 24784 1083 55540 24
1 24784 1083 55540 26
1 24784 1083 55540 25
1 24784 1083 55540 25
1 24784 1083 55540 25
1 24784 1083 55540 26
1 24784 1083 55540 24
1 24784 1083 55540 27
1 24784 1083 55540 27
1 24784 1083 55540 25
2 227240 1083 55540 25
2 227240 1083 55540 27
2 227240 1083 55540 25
2 227240 1083 55540 24
2 227240 1083 55540 25
2 227240 1083 55540 25
2 227240 1083 55540 25
2 227240 1083 55540 26
2 227240 1083 55540 27
2 227240 1083 55540 25
2 227240 1083 55540 25
2 227240 1083 55540 25
2 227240 1083 55540 24
2 227240 1083 55540 26
2 227240 1083 55540 25
2 227240 1083 55540 25
2 227240 1083 55540 25
2 227240 1083 55540 26
2 227240 1083 55540 24
2 227240 1083 55540 27
2 227240 1083 55540 27
2 227240 1083 55540 25
3 9487 1083 55540 25
3 9487 1083 55540 27
3 9487 1083 55540 25
3 9487 1083 55540 24
3 9487 1083 55540 25
3 9487 1083 55540 25
3 9487 1083 55540 25
3 9487 1083 55540 26
3 9487 1083 55540 27
3 9487 1083 55540 25
3 9487 1083 55540 25
3 9487 1083 55540 25
3 9487 1083 55540 24
3 9487 1083 55540 26
3 9487 1083 55540 25
3 9487 1083 55540 25
3 9487 1083 55540 25
3 9487 1083 55540 26
3 9487 1083 55540 24
3 9487 1083 55540 27
3 9487 1083 55540 27
3 9487 1083 55540 25
4 11998 1083 55540 25
4 11998 1083 55540 27
4 11998 1083 55540 25
4 11998 1083 55540 24
4 11998 1083 55540 25
4 11998 1083 55540 25
4 11998 1083 55540 25
4 11998 1083 55540 26
4 11998 1083 55540 27
4 11998 1083 55540 25
4 11998 1083 55540 25
4 11998 1083 55540 25
4 11998 1083 55540 24
4 11998 1083 55540 26
4 11998 1083 55540 25
4 11998 1083 55540 25
4 11998 1083 55540 25
4 11998 1083 55540 26
4 11998 1083 55540 24
4 11998 1083 55540 27
4 11998 1083 55540 27
4 11998 1083 55540 25
5 92456 1083 55540 25
5 92456 1083 55540 27
5 92456 1083 55540 25
5 92456 1083 55540 24
5 92456 1083 55540 25
5 92456 1083 55540 25
5 92456 1083 55540 25
5 92456 1083 55540 26
5 92456 1083 55540 27
5 92456 1083 55540 25
5 92456 1083 55540 25
5 92456 1083 55540 25
5 92456 1083 55540 24
5 92456 1083 55540 26
5 92456 1083 55540 25
5 92456 1083 55540 25
5 92456 1083 55540 25
5 92456 1083 55540 26
5 92456 1083 55540 24
5 92456 1083 55540 27
5 92456 1083 55540 27
5 92456 1083 55540 25
6 29886 1083 55540 25
6 29886 1083 55540 27
6 29886 1083 55540 25
6 29886 1083 55540 24
6 29886 1083 55540 25
6 29886 1083 55540 25
6 29886 1083 55540 25
6 29886 1083 55540 26
6 29886 1083 55540 27
6 29886 1083 55540 25
6 29886 1083 55540 25
6 29886 1083 55540 25
6 29886 1083 55540 24
6 29886 1083 55540 26
6 29886 1083 55540 25
6 29886 1083 55540 25
6 29886 1083 55540 25
6 29886 1083 55540 26
6 29886 1083 55540 24
6 29886 1083 55540 27
6 29886 1083 55540 27
6 29886 1083 55540 25
0 385818 1083 52980 25
0 385818 1083 52980 27
0 385818 1083 52980 26
0 385818 1083 52980 24
0 385818 1083 52980 26
0 385818 1083 52980 25
0 385818 1083 52980 25
0 385818 1083 52980 26
0 385818 1083 52980 28
0 385818 1083 52980 25
0 385818 1083 52980 25
0 385818 1083 52980 25
0 385818 1083 52980 24
0 385818 1083 52980 26
0 385818 1083 52980 25
0 385818 1083 52980 25
0 385818 1083 52980 25
0 385818 1083 52980 26
0 385818 1083 52980 25
0 385818 1083 52980 26
0 385818 1083 52980 26
0 385818 1083 52980 26
1 25557 1083 52980 25
1 25557 1083 52980 27
1 25557 1083 52980 26
1 25557 1083 52980 24
1 25557 1083 52980 26
1 25557 1083 52980 25
1 25557 1083 52980 25
1 25557 1083 52980 26
1 25557 1083 52980 28
1 25557 1083 52980 25
1 25557 1083 52980 25
1 25557 1083 52980 25
1 25557 1083 52980 24
1 25557 1083 52980 26
1 25557 1083 52980 25
1 25557 1083 52980 25
1 25557 1083 52980 25
1 25557 1083 52980 26
1 25557 1083 52980 25
1 25557 1083 52980 26
1 25557 1083 52980 26
1 25557 1083 52980 26
2 217530 1083 52980 25
2 217530 1083 52980 27
2 217530 1083 52980 26
2 217530 1083 52980 24
2 217530 1083 52980 26
2 217530 1083 52980 25
2 217530 1083 52980 25
2 217530 1083 52980 26
2 217530 1083 52980 28
2 217530 1083 52980 25
2 217530 1083 52980 25
2 217530 1083 52980 25
2 217530 1083 52980 24
2 217530 1083 52980 26
2 217530 1083 52980 25
2 217530 1083 52980 25
2 217530 1083 52980 25
2 217530 1083 52980 26
2 217530 1083 52980 25
2 217530 1083 52980 26
2 217530 1083 52980 26
2 217530 1083 52980 26
3 9568 1083 52980 25
3 9568 1083 52980 27
3 9568 1083 52980 26
3 9568 1083 52980 24
3 9568 1083 52980 26
3 9568 1083 52980 25
3 9568 1083 52980 25
3 9568 1083 52980 26
3 9568 1083 52980 28
3 9568 1083 52980 25
3 9568 1083 52980 25
3 9568 1083 52980 25
3 9568 1083 52980 24
3 9568 1083 52980 26
3 9568 1083 52980 25
3 9568 1083 52980 25
3 9568 1083 52980 25
3 9568 1083 52980 26
3 9568 1083 52980 25
3 9568 1083 52980 26
3 9568 1083 52980 26
3 9568 1083 52980 26
4 13530 1083 52980 25
4 13530 1083 52980 27
4 13530 1083 52980 26
4 13530 1083 52980 24
4 13530 1083 52980 26
4 13530 1083 52980 25
4 13530 1083 52980 25
4 13530 1083 52980 26
4 13530 1083 52980 28
4 13530 1083 52980 25
4 13530 1083 52980 25
4 13530 1083 52980 25
4 13530 1083 52980 24
4 13530 1083 52980 26
4 13530 1083 52980 25
4 13530 1083 52980 25
4 13530 1083 52980 25
4 13530 1083 52980 26
4 13530 1083 52980 25
4 13530 1083 52980 26
4 13530 1083 52980 26
4 13530 1083 52980 26
5 97174 1083 52980 25
5 97174 1083 52980 27
5 97174 1083 52980 26
5 97174 1083 52980 24
5 97174 1083 52980 26
5 97174 1083 52980 25
5 97174 1083 52980 25
5 97174 1083 52980 26
5 97174 1083 52980 28
5 97174 1083 52980 25
5 97174 1083 52980 25
5 97174 1083 52980 25
5 97174 1083 52980 24
5 97174 1083 52980 26
5 97174 1083 52980 25
5 97174 1083 52980 25
5 97174 1083 52980 25
5 97174 1083 52980 26
5 97174 1083 52980 25
5 97174 1083 52980 26
5 97174 1083 52980 26
5 97174 1083 52980 26
6 31775 1083 52980 25
6 31775 1083 52980 27
6 31775 1083 52980 26
6 31775 1083 52980 24
6 31775 1083 52980 26
6 31775 1083 52980 25
6 31775 1083 52980 25
6 31775 1083 52980 26
6 31775 1083 52980 28
6 31775 1083 52980 25
6 31775 1083 52980 25
6 31775 1083 52980 25
6 31775 1083 52980 24
6 31775 1083 52980 26
6 31775 1083 52980 25
6 31775 1083 52980 25
6 31775 1083 52980 25
6 31775 1083 52980 26
6 31775 1083 52980 25
6 31775 1083 52980 26
6 31775 1083 52980 26
6 31775 1083 52980 26
0 349594 1083 45620 26
0 349594 1083 45620 27
0 349594 1083 45620 27
0 349594 1083 45620 25
0 349594 1083 45620 26
0 349594 1083 45620 26
0 349594 1083 45620 26
0 349594 1083 45620 27
0 349594 1083 45620 28
0 349594 1083 45620 25
0 349594 1083 45620 26
0 349594 1083 45620 26
0 349594 1083 45620 25
0 349594 1083 45620 27
0 349594 1083 45620 26
0 349594 1083 45620 26
0 349594 1083 45620 25
0 349594 1083 45620 27
0 349594 1083 45620 25
0 349594 1083 45620 27
0 349594 1083 45620 27
0 349594 1083 45620 26
1 25726 1083 45620 26
1 25726 1083 45620 27
1 25726 1083 45620 27
1 25726 1083 45620 25
1 25726 1083 45620 26
1 25726 1083 45620 26
1 25726 1083 45620 26
1 25726 1083 45620 27
1 25726 1083 45620 28
1 25726 1083 45620 25
1 25726 1083 45620 26
1 25726 1083 45620 26
1 25726 1083 45620 25
1 25726 1083 45620 27
1 25726 1083 45620 26
1 25726 1083 45620 26
1 25726 1083 45620 25
1 25726 1083 45620 27
1 25726 1083 45620 25
1 25726 1083 45620 27
1 25726 1083 45620 27
1 25726 1083 45620 26
2 227606 1083 45620 26
2 227606 1083 45620 27
2 227606 1083 45620 27
2 227606 1083 45620 25
2 227606 1083 45620 26
2 227606 1083 45620 26
2 227606 1083 45620 26
2 227606 1083 45620 27
2 227606 1083 45620 28
2 227606 1083 45620 25
2 227606 1083 45620 26
2 227606 1083 45620 26
2 227606 1083 45620 25
2 227606 1083 45620 27
2 227606 1083 45620 26
2 227606 1083 45620 26
2 227606 1083 45620 25
2 227606 1083 45620 27
2 227606 1083 45620 25
2 227606 1083 45620 27
2 227606 1083 45620 27
2 227606 1083 45620 26
3 8502 1083 45620 26
3 8502 1083 45620 27
3 8502 1083 45620 27
3 8502 1083 45620 25
3 8502 1083 45620 26
3 8502 1083 45620 26
3 8502 1083 45620 26
3 8502 1083 45620 27
3 8502 1083 45620 28
3 8502 1083 45620 25
3 8502 1083 45620 26
3 8502 1083 45620 26
3 8502 1083 45620 25
3 8502 1083 45620 27
3 8502 1083 45620 26
3 8502 1083 45620 26
3 8502 1083 45620 25
3 8502 1083 45620 27
3 8502 1083 45620 25
3 8502 1083 45620 27
3 8502 1083 45620 27
3 8502 1083 45620 26
4 10123 1083 45620 26
4 10123 1083 45620 27
4 10123 1083 45620 27
4 10123 1083 45620 25
4 10123 1083 45620 26
4 10123 1083 45620 26
4 10123 1083 45620 26
4 10123 1083 45620 27
4 10123 1083 45620 28
4 10123 1083 45620 25
4 10123 1083 45620 26
4 10123 1083 45620 26
4 10123 1083 45620 25
4 10123 1083 45620 27
4 10123 1083 45620 26
4 10123 1083 45620 26
4 10123 1083 45620 25
4 10123 1083 45620 27
4 10123 1083 45620 25
4 10123 1083 45620 27
4 10123 1083 45620 27
4 10123 1083 45620 26
5 101288 1083 45620 26
5 101288 1083 45620 27
5 101288 1083 45620 27
5 101288 1083 45620 25
5 101288 1083 45620 26
5 101288 1083 45620 26
5 101288 1083 45620 26
5 101288 1083 45620 27
5 101288 1083 45620 28
5 101288 1083 45620 25
5 101288 1083 45620 26
5 101288 1083 45620 26
5 101288 1083 45620 25
5 101288 1083 45620 27
5 101288 1083 45620 26
5 101288 1083 45620 26
5 101288 1083 45620 25
5 101288 1083 45620 27
5 101288 1083 45620 25
5 101288 1083 45620 27
5 101288 1083 45620 27
5 101288 1083 45620 26
6 31538 1083 45620 26
6 31538 1083 45620 27
6 31538 1083 45620 27
6 31538 1083 45620 25
6 31538 1083 45620 26
6 31538 1083 45620 26
6 31538 1083 45620 26
6 31538 1083 45620 27
6 31538 1083 45620 28
6 31538 1083 45620 25
6 31538 1083 45620 26
6 31538 1083 45620 26
6 31538 1083 45620 25
6 31538 1083 45620 27
6 31538 1083 45620 26
6 31538 1083 45620 26
6 31538 1083 45620 25
6 31538 1083 45620 27
6 31538 1083 45620 25
6 31538 1083 45620 27
6 31538 1083 45620 27
6 31538 1083 45620 26
